# This file was produced by samtools stats (1.21+htslib-1.21) and can be plotted using plot-bamstats
# This file contains statistics for all reads.
# The command line was:  stats aligned_sorted.bam
# CHK, Checksum	[2]Read Names	[3]Sequences	[4]Qualities
# CHK, CRC32 of reads which passed filtering followed by addition (32bit overflow)
CHK	8f2fe7c6	1e75296a	5049563d
# Summary Numbers. Use `grep ^SN | cut -f 2-` to extract this part.
SN	raw total sequences:	2974214	# excluding supplementary and secondary reads
SN	filtered sequences:	0
SN	sequences:	2974214
SN	is sorted:	1
SN	1st fragments:	1487107
SN	last fragments:	1487107
SN	reads mapped:	2908503
SN	reads mapped and paired:	2882026	# paired-end technology bit set + both mates mapped
SN	reads unmapped:	65711
SN	reads properly paired:	2533820	# proper-pair bit set
SN	reads paired:	2974214	# paired-end technology bit set
SN	reads duplicated:	0	# PCR or optical duplicate bit set
SN	reads MQ0:	162239	# mapped and MQ=0
SN	reads QC failed:	0
SN	non-primary alignments:	0
SN	supplementary alignments:	444681
SN	total length:	416389960	# ignores clipping
SN	total first fragment length:	208194980	# ignores clipping
SN	total last fragment length:	208194980	# ignores clipping
SN	bases mapped:	407190420	# ignores clipping
SN	bases mapped (cigar):	364151770	# more accurate
SN	bases trimmed:	0
SN	bases duplicated:	0
SN	mismatches:	3439631	# from NM fields
SN	error rate:	9.445597e-03	# mismatches / bases mapped (cigar)
SN	average length:	140
SN	average first fragment length:	140
SN	average last fragment length:	140
SN	maximum length:	140
SN	maximum first fragment length:	140
SN	maximum last fragment length:	140
SN	average quality:	31.7
SN	insert size average:	189.4
SN	insert size standard deviation:	101.4
SN	inward oriented pairs:	979728
SN	outward oriented pairs:	292890
SN	pairs with other orientation:	25646
SN	pairs on different chromosomes:	142749
SN	percentage of properly paired reads (%):	85.2
# First Fragment Qualities. Use `grep ^FFQ | cut -f 2-` to extract this part.
# Columns correspond to qualities and rows to cycles. First column is the cycle number.
FFQ	1	0	0	12	0	0	0	0	0	0	0	0	0	0	0	29791	0	0	0	0	0	0	18810	0	0	0	0	0	993	0	0	0	0	1437501	0	0	0	0	0
FFQ	2	0	0	7	0	0	0	0	0	0	0	0	0	0	0	50512	0	0	0	0	0	0	13019	0	0	0	0	0	733	0	0	0	0	1422836	0	0	0	0	0
FFQ	3	0	0	56	0	0	0	0	0	0	0	0	0	0	0	46249	0	0	0	0	0	0	18682	0	0	0	0	0	526	0	0	0	0	1421594	0	0	0	0	0
FFQ	4	0	0	1	0	0	0	0	0	0	0	0	0	0	0	47398	0	0	0	0	0	0	16605	0	0	0	0	0	234	0	0	0	0	1422869	0	0	0	0	0
FFQ	5	0	0	1	0	0	0	0	0	0	0	0	0	0	0	49821	0	0	0	0	0	0	17089	0	0	0	0	0	199	0	0	0	0	1419997	0	0	0	0	0
FFQ	6	0	0	1	0	0	0	0	0	0	0	0	0	0	0	42547	0	0	0	0	0	0	19283	0	0	0	0	0	197	0	0	0	0	77194	0	0	0	1347885	0
FFQ	7	0	0	62	0	0	0	0	0	0	0	0	0	0	0	45405	0	0	0	0	0	0	20375	0	0	0	0	0	183	0	0	0	0	87427	0	0	0	1333655	0
FFQ	8	0	0	0	0	0	0	0	0	0	0	0	0	0	0	47621	0	0	0	0	0	0	18912	0	0	0	0	0	117	0	0	0	0	91830	0	0	0	1328627	0
FFQ	9	0	0	3	0	0	0	0	0	0	0	0	0	0	0	45961	0	0	0	0	0	0	15072	0	0	0	0	0	491	0	0	0	0	109507	0	0	0	1316073	0
FFQ	10	0	0	44	0	0	0	0	0	0	0	0	0	0	0	57313	0	0	0	0	0	0	11689	0	0	0	0	0	1316	0	0	0	0	116615	0	0	0	1300130	0
FFQ	11	0	0	52	0	0	0	0	0	0	0	0	0	0	0	44747	0	0	0	0	0	0	11863	0	0	0	0	0	609	0	0	0	0	81179	0	0	0	1348657	0
FFQ	12	0	0	0	0	0	0	0	0	0	0	0	0	0	0	54309	0	0	0	0	0	0	14604	0	0	0	0	0	1185	0	0	0	0	110393	0	0	0	1306616	0
FFQ	13	0	0	0	0	0	0	0	0	0	0	0	0	0	0	52879	0	0	0	0	0	0	12370	0	0	0	0	0	1227	0	0	0	0	102489	0	0	0	1318142	0
FFQ	14	0	0	0	0	0	0	0	0	0	0	0	0	0	0	56159	0	0	0	0	0	0	12131	0	0	0	0	0	1680	0	0	0	0	118179	0	0	0	1298958	0
FFQ	15	0	0	0	0	0	0	0	0	0	0	0	0	0	0	57902	0	0	0	0	0	0	11188	0	0	0	0	0	2692	0	0	0	0	105677	0	0	0	1309648	0
FFQ	16	0	0	0	0	0	0	0	0	0	0	0	0	0	0	58004	0	0	0	0	0	0	12444	0	0	0	0	0	4503	0	0	0	0	103203	0	0	0	1308953	0
FFQ	17	0	0	0	0	0	0	0	0	0	0	0	0	0	0	61016	0	0	0	0	0	0	11697	0	0	0	0	0	6987	0	0	0	0	104942	0	0	0	1302465	0
FFQ	18	0	0	0	0	0	0	0	0	0	0	0	0	0	0	63171	0	0	0	0	0	0	11077	0	0	0	0	0	9237	0	0	0	0	106148	0	0	0	1297474	0
FFQ	19	0	0	3	0	0	0	0	0	0	0	0	0	0	0	66016	0	0	0	0	0	0	9323	0	0	0	0	0	12552	0	0	0	0	104540	0	0	0	1294673	0
FFQ	20	0	0	6	0	0	0	0	0	0	0	0	0	0	0	68238	0	0	0	0	0	0	8131	0	0	0	0	0	15571	0	0	0	0	104361	0	0	0	1290800	0
FFQ	21	0	0	4	0	0	0	0	0	0	0	0	0	0	0	70666	0	0	0	0	0	0	7416	0	0	0	0	0	17260	0	0	0	0	105345	0	0	0	1286416	0
FFQ	22	0	0	2	0	0	0	0	0	0	0	0	0	0	0	71937	0	0	0	0	0	0	7129	0	0	0	0	0	18352	0	0	0	0	108258	0	0	0	1281429	0
FFQ	23	0	0	0	0	0	0	0	0	0	0	0	0	0	0	74130	0	0	0	0	0	0	6650	0	0	0	0	0	19125	0	0	0	0	109566	0	0	0	1277636	0
FFQ	24	0	0	0	0	0	0	0	0	0	0	0	0	0	0	76310	0	0	0	0	0	0	6341	0	0	0	0	0	20409	0	0	0	0	112078	0	0	0	1271969	0
FFQ	25	0	0	1	0	0	0	0	0	0	0	0	0	0	0	77191	0	0	0	0	0	0	5949	0	0	0	0	0	20368	0	0	0	0	113003	0	0	0	1270595	0
FFQ	26	0	0	0	0	0	0	0	0	0	0	0	0	0	0	78981	0	0	0	0	0	0	5450	0	0	0	0	0	20208	0	0	0	0	114471	0	0	0	1267997	0
FFQ	27	0	0	3	0	0	0	0	0	0	0	0	0	0	0	80957	0	0	0	0	0	0	4855	0	0	0	0	0	20220	0	0	0	0	116668	0	0	0	1264404	0
FFQ	28	0	0	54	0	0	0	0	0	0	0	0	0	0	0	83578	0	0	0	0	0	0	5056	0	0	0	0	0	20735	0	0	0	0	118669	0	0	0	1259015	0
FFQ	29	0	0	4	0	0	0	0	0	0	0	0	0	0	0	85696	0	0	0	0	0	0	4556	0	0	0	0	0	21028	0	0	0	0	120292	0	0	0	1255531	0
FFQ	30	0	0	1	0	0	0	0	0	0	0	0	0	0	0	86853	0	0	0	0	0	0	4511	0	0	0	0	0	21725	0	0	0	0	120331	0	0	0	1253686	0
FFQ	31	0	0	0	0	0	0	0	0	0	0	0	0	0	0	89715	0	0	0	0	0	0	4839	0	0	0	0	0	21946	0	0	0	0	120628	0	0	0	1249979	0
FFQ	32	0	0	0	0	0	0	0	0	0	0	0	0	0	0	91894	0	0	0	0	0	0	5039	0	0	0	0	0	22274	0	0	0	0	122154	0	0	0	1245746	0
FFQ	33	0	0	0	0	0	0	0	0	0	0	0	0	0	0	92516	0	0	0	0	0	0	5578	0	0	0	0	0	22993	0	0	0	0	123338	0	0	0	1242682	0
FFQ	34	0	0	0	0	0	0	0	0	0	0	0	0	0	0	94890	0	0	0	0	0	0	6204	0	0	0	0	0	23862	0	0	0	0	123400	0	0	0	1238751	0
FFQ	35	0	0	4	0	0	0	0	0	0	0	0	0	0	0	95131	0	0	0	0	0	0	8203	0	0	0	0	0	25020	0	0	0	0	120961	0	0	0	1237788	0
FFQ	36	0	0	0	0	0	0	0	0	0	0	0	0	0	0	96431	0	0	0	0	0	0	10332	0	0	0	0	0	26334	0	0	0	0	118485	0	0	0	1235525	0
FFQ	37	0	0	0	0	0	0	0	0	0	0	0	0	0	0	98779	0	0	0	0	0	0	11070	0	0	0	0	0	27125	0	0	0	0	121690	0	0	0	1228443	0
FFQ	38	0	0	0	0	0	0	0	0	0	0	0	0	0	0	102567	0	0	0	0	0	0	11105	0	0	0	0	0	28561	0	0	0	0	126359	0	0	0	1218515	0
FFQ	39	0	0	0	0	0	0	0	0	0	0	0	0	0	0	104362	0	0	0	0	0	0	15930	0	0	0	0	0	32205	0	0	0	0	121044	0	0	0	1213566	0
FFQ	40	0	0	0	0	0	0	0	0	0	0	0	0	0	0	106525	0	0	0	0	0	0	17255	0	0	0	0	0	32894	0	0	0	0	121739	0	0	0	1208694	0
FFQ	41	0	0	4	0	0	0	0	0	0	0	0	0	0	0	108118	0	0	0	0	0	0	18891	0	0	0	0	0	34474	0	0	0	0	120754	0	0	0	1204866	0
FFQ	42	0	0	34	0	0	0	0	0	0	0	0	0	0	0	109746	0	0	0	0	0	0	22227	0	0	0	0	0	37213	0	0	0	0	120589	0	0	0	1197298	0
FFQ	43	0	0	60	0	0	0	0	0	0	0	0	0	0	0	111143	0	0	0	0	0	0	23550	0	0	0	0	0	39342	0	0	0	0	121713	0	0	0	1191299	0
FFQ	44	0	0	62	0	0	0	0	0	0	0	0	0	0	0	114365	0	0	0	0	0	0	24986	0	0	0	0	0	41478	0	0	0	0	124743	0	0	0	1181473	0
FFQ	45	0	0	12	0	0	0	0	0	0	0	0	0	0	0	115431	0	0	0	0	0	0	26302	0	0	0	0	0	44181	0	0	0	0	129970	0	0	0	1171211	0
FFQ	46	0	0	13	0	0	0	0	0	0	0	0	0	0	0	113428	0	0	0	0	0	0	26421	0	0	0	0	0	46237	0	0	0	0	134151	0	0	0	1166857	0
FFQ	47	0	0	0	0	0	0	0	0	0	0	0	0	0	0	118247	0	0	0	0	0	0	27176	0	0	0	0	0	48004	0	0	0	0	138215	0	0	0	1155465	0
FFQ	48	0	0	0	0	0	0	0	0	0	0	0	0	0	0	119670	0	0	0	0	0	0	27612	0	0	0	0	0	50593	0	0	0	0	148361	0	0	0	1140871	0
FFQ	49	0	0	0	0	0	0	0	0	0	0	0	0	0	0	119238	0	0	0	0	0	0	27499	0	0	0	0	0	52512	0	0	0	0	157501	0	0	0	1130357	0
FFQ	50	0	0	0	0	0	0	0	0	0	0	0	0	0	0	121948	0	0	0	0	0	0	27474	0	0	0	0	0	54524	0	0	0	0	164908	0	0	0	1118253	0
FFQ	51	0	0	0	0	0	0	0	0	0	0	0	0	0	0	124696	0	0	0	0	0	0	27646	0	0	0	0	0	58370	0	0	0	0	181552	0	0	0	1094843	0
FFQ	52	0	0	0	0	0	0	0	0	0	0	0	0	0	0	124501	0	0	0	0	0	0	27228	0	0	0	0	0	61064	0	0	0	0	193208	0	0	0	1081106	0
FFQ	53	0	0	3	0	0	0	0	0	0	0	0	0	0	0	128073	0	0	0	0	0	0	28008	0	0	0	0	0	63086	0	0	0	0	199390	0	0	0	1068547	0
FFQ	54	0	0	1	0	0	0	0	0	0	0	0	0	0	0	130687	0	0	0	0	0	0	28547	0	0	0	0	0	65640	0	0	0	0	207358	0	0	0	1054874	0
FFQ	55	0	0	0	0	0	0	0	0	0	0	0	0	0	0	132274	0	0	0	0	0	0	28616	0	0	0	0	0	66997	0	0	0	0	213611	0	0	0	1045609	0
FFQ	56	0	0	3	0	0	0	0	0	0	0	0	0	0	0	134118	0	0	0	0	0	0	28469	0	0	0	0	0	70434	0	0	0	0	220542	0	0	0	1033541	0
FFQ	57	0	0	3	0	0	0	0	0	0	0	0	0	0	0	135032	0	0	0	0	0	0	29139	0	0	0	0	0	74602	0	0	0	0	229447	0	0	0	1018884	0
FFQ	58	0	0	2	0	0	0	0	0	0	0	0	0	0	0	137093	0	0	0	0	0	0	29402	0	0	0	0	0	76550	0	0	0	0	231588	0	0	0	1012472	0
FFQ	59	0	0	3	0	0	0	0	0	0	0	0	0	0	0	141032	0	0	0	0	0	0	30283	0	0	0	0	0	80309	0	0	0	0	241523	0	0	0	993957	0
FFQ	60	0	0	7	0	0	0	0	0	0	0	0	0	0	0	143159	0	0	0	0	0	0	30655	0	0	0	0	0	84646	0	0	0	0	248377	0	0	0	980263	0
FFQ	61	0	0	14	0	0	0	0	0	0	0	0	0	0	0	142297	0	0	0	0	0	0	30254	0	0	0	0	0	86674	0	0	0	0	248645	0	0	0	979223	0
FFQ	62	0	0	21	0	0	0	0	0	0	0	0	0	0	0	146921	0	0	0	0	0	0	31191	0	0	0	0	0	88187	0	0	0	0	248472	0	0	0	972315	0
FFQ	63	0	0	23	0	0	0	0	0	0	0	0	0	0	0	150899	0	0	0	0	0	0	32887	0	0	0	0	0	91205	0	0	0	0	254598	0	0	0	957495	0
FFQ	64	0	0	10	0	0	0	0	0	0	0	0	0	0	0	155108	0	0	0	0	0	0	33171	0	0	0	0	0	94133	0	0	0	0	264332	0	0	0	940353	0
FFQ	65	0	0	0	0	0	0	0	0	0	0	0	0	0	0	156022	0	0	0	0	0	0	33101	0	0	0	0	0	94952	0	0	0	0	261157	0	0	0	941875	0
FFQ	66	0	0	6	0	0	0	0	0	0	0	0	0	0	0	158033	0	0	0	0	0	0	33290	0	0	0	0	0	98001	0	0	0	0	264063	0	0	0	933714	0
FFQ	67	0	0	43	0	0	0	0	0	0	0	0	0	0	0	159565	0	0	0	0	0	0	34499	0	0	0	0	0	98453	0	0	0	0	264643	0	0	0	929904	0
FFQ	68	0	0	57	0	0	0	0	0	0	0	0	0	0	0	157890	0	0	0	0	0	0	35466	0	0	0	0	0	97339	0	0	0	0	257072	0	0	0	939283	0
FFQ	69	0	0	65	0	0	0	0	0	0	0	0	0	0	0	159391	0	0	0	0	0	0	36449	0	0	0	0	0	97346	0	0	0	0	255598	0	0	0	938258	0
FFQ	70	0	0	76	0	0	0	0	0	0	0	0	0	0	0	162580	0	0	0	0	0	0	36282	0	0	0	0	0	99703	0	0	0	0	257014	0	0	0	931452	0
FFQ	71	0	0	11	0	0	0	0	0	0	0	0	0	0	0	166231	0	0	0	0	0	0	37243	0	0	0	0	0	102433	0	0	0	0	260566	0	0	0	920623	0
FFQ	72	0	0	0	0	0	0	0	0	0	0	0	0	0	0	171126	0	0	0	0	0	0	38215	0	0	0	0	0	105010	0	0	0	0	265174	0	0	0	907582	0
FFQ	73	0	0	0	0	0	0	0	0	0	0	0	0	0	0	173925	0	0	0	0	0	0	39569	0	0	0	0	0	107229	0	0	0	0	270121	0	0	0	896263	0
FFQ	74	0	0	0	0	0	0	0	0	0	0	0	0	0	0	173677	0	0	0	0	0	0	39719	0	0	0	0	0	106538	0	0	0	0	269271	0	0	0	897902	0
FFQ	75	0	0	0	0	0	0	0	0	0	0	0	0	0	0	176542	0	0	0	0	0	0	42429	0	0	0	0	0	109354	0	0	0	0	271104	0	0	0	887678	0
FFQ	76	0	0	0	0	0	0	0	0	0	0	0	0	0	0	176374	0	0	0	0	0	0	43120	0	0	0	0	0	108631	0	0	0	0	271916	0	0	0	887066	0
FFQ	77	0	0	0	0	0	0	0	0	0	0	0	0	0	0	178978	0	0	0	0	0	0	43585	0	0	0	0	0	109177	0	0	0	0	272413	0	0	0	882954	0
FFQ	78	0	0	4	0	0	0	0	0	0	0	0	0	0	0	180178	0	0	0	0	0	0	45451	0	0	0	0	0	112786	0	0	0	0	280488	0	0	0	868200	0
FFQ	79	0	0	0	0	0	0	0	0	0	0	0	0	0	0	183768	0	0	0	0	0	0	47381	0	0	0	0	0	117163	0	0	0	0	283675	0	0	0	855120	0
FFQ	80	0	0	0	0	0	0	0	0	0	0	0	0	0	0	188921	0	0	0	0	0	0	48707	0	0	0	0	0	120708	0	0	0	0	287617	0	0	0	841154	0
FFQ	81	0	0	1	0	0	0	0	0	0	0	0	0	0	0	196190	0	0	0	0	0	0	50370	0	0	0	0	0	124610	0	0	0	0	298068	0	0	0	817868	0
FFQ	82	0	0	3	0	0	0	0	0	0	0	0	0	0	0	195671	0	0	0	0	0	0	52005	0	0	0	0	0	125335	0	0	0	0	297082	0	0	0	817011	0
FFQ	83	0	0	8	0	0	0	0	0	0	0	0	0	0	0	197324	0	0	0	0	0	0	53070	0	0	0	0	0	131773	0	0	0	0	301527	0	0	0	803405	0
FFQ	84	0	0	1	0	0	0	0	0	0	0	0	0	0	0	195374	0	0	0	0	0	0	50865	0	0	0	0	0	130451	0	0	0	0	300211	0	0	0	810205	0
FFQ	85	0	0	0	0	0	0	0	0	0	0	0	0	0	0	202843	0	0	0	0	0	0	53792	0	0	0	0	0	136082	0	0	0	0	300567	0	0	0	793823	0
FFQ	86	0	0	1	0	0	0	0	0	0	0	0	0	0	0	201977	0	0	0	0	0	0	53840	0	0	0	0	0	137229	0	0	0	0	302333	0	0	0	791727	0
FFQ	87	0	0	68	0	0	0	0	0	0	0	0	0	0	0	207592	0	0	0	0	0	0	55180	0	0	0	0	0	141544	0	0	0	0	309567	0	0	0	773156	0
FFQ	88	0	0	48	0	0	0	0	0	0	0	0	0	0	0	209021	0	0	0	0	0	0	53494	0	0	0	0	0	144638	0	0	0	0	308433	0	0	0	771473	0
FFQ	89	0	0	85	0	0	0	0	0	0	0	0	0	0	0	212266	0	0	0	0	0	0	54215	0	0	0	0	0	149058	0	0	0	0	316056	0	0	0	755427	0
FFQ	90	0	0	95	0	0	0	0	0	0	0	0	0	0	0	214761	0	0	0	0	0	0	55226	0	0	0	0	0	157090	0	0	0	0	323122	0	0	0	736813	0
FFQ	91	0	0	45	0	0	0	0	0	0	0	0	0	0	0	220669	0	0	0	0	0	0	57035	0	0	0	0	0	161187	0	0	0	0	327478	0	0	0	720693	0
FFQ	92	0	0	4	0	0	0	0	0	0	0	0	0	0	0	222096	0	0	0	0	0	0	56916	0	0	0	0	0	172916	0	0	0	0	334829	0	0	0	700346	0
FFQ	93	0	0	1	0	0	0	0	0	0	0	0	0	0	0	223971	0	0	0	0	0	0	56056	0	0	0	0	0	179253	0	0	0	0	334260	0	0	0	693566	0
FFQ	94	0	0	0	0	0	0	0	0	0	0	0	0	0	0	227903	0	0	0	0	0	0	57166	0	0	0	0	0	185793	0	0	0	0	338039	0	0	0	678206	0
FFQ	95	0	0	2	0	0	0	0	0	0	0	0	0	0	0	232959	0	0	0	0	0	0	56806	0	0	0	0	0	188338	0	0	0	0	341595	0	0	0	667407	0
FFQ	96	0	0	18	0	0	0	0	0	0	0	0	0	0	0	240589	0	0	0	0	0	0	58695	0	0	0	0	0	194757	0	0	0	0	342235	0	0	0	650813	0
FFQ	97	0	0	32	0	0	0	0	0	0	0	0	0	0	0	244147	0	0	0	0	0	0	61071	0	0	0	0	0	199183	0	0	0	0	347734	0	0	0	634940	0
FFQ	98	0	0	66	0	0	0	0	0	0	0	0	0	0	0	243526	0	0	0	0	0	0	61018	0	0	0	0	0	207007	0	0	0	0	353410	0	0	0	622080	0
FFQ	99	0	0	137	0	0	0	0	0	0	0	0	0	0	0	246619	0	0	0	0	0	0	62028	0	0	0	0	0	207113	0	0	0	0	357485	0	0	0	613725	0
FFQ	100	0	0	36	0	0	0	0	0	0	0	0	0	0	0	251152	0	0	0	0	0	0	62538	0	0	0	0	0	209564	0	0	0	0	362186	0	0	0	601631	0
FFQ	101	0	0	223	0	0	0	0	0	0	0	0	0	0	0	255802	0	0	0	0	0	0	66231	0	0	0	0	0	224608	0	0	0	0	367465	0	0	0	572778	0
FFQ	102	0	0	38	0	0	0	0	0	0	0	0	0	0	0	264195	0	0	0	0	0	0	68665	0	0	0	0	0	228320	0	0	0	0	375061	0	0	0	550828	0
FFQ	103	0	0	1	0	0	0	0	0	0	0	0	0	0	0	269222	0	0	0	0	0	0	67095	0	0	0	0	0	237529	0	0	0	0	383533	0	0	0	529727	0
FFQ	104	0	0	0	0	0	0	0	0	0	0	0	0	0	0	270161	0	0	0	0	0	0	69142	0	0	0	0	0	247993	0	0	0	0	389761	0	0	0	510050	0
FFQ	105	0	0	0	0	0	0	0	0	0	0	0	0	0	0	278890	0	0	0	0	0	0	72055	0	0	0	0	0	256556	0	0	0	0	387864	0	0	0	491742	0
FFQ	106	0	0	0	0	0	0	0	0	0	0	0	0	0	0	283554	0	0	0	0	0	0	75107	0	0	0	0	0	262615	0	0	0	0	389805	0	0	0	476026	0
FFQ	107	0	0	0	0	0	0	0	0	0	0	0	0	0	0	284315	0	0	0	0	0	0	75286	0	0	0	0	0	266353	0	0	0	0	396765	0	0	0	464388	0
FFQ	108	0	0	1	0	0	0	0	0	0	0	0	0	0	0	292712	0	0	0	0	0	0	79234	0	0	0	0	0	272233	0	0	0	0	398930	0	0	0	443997	0
FFQ	109	0	0	6	0	0	0	0	0	0	0	0	0	0	0	292858	0	0	0	0	0	0	81993	0	0	0	0	0	274500	0	0	0	0	399541	0	0	0	438209	0
FFQ	110	0	0	0	0	0	0	0	0	0	0	0	0	0	0	303603	0	0	0	0	0	0	81788	0	0	0	0	0	272132	0	0	0	0	394394	0	0	0	435190	0
FFQ	111	0	0	11	0	0	0	0	0	0	0	0	0	0	0	304161	0	0	0	0	0	0	84057	0	0	0	0	0	278951	0	0	0	0	396131	0	0	0	423796	0
FFQ	112	0	0	6	0	0	0	0	0	0	0	0	0	0	0	309950	0	0	0	0	0	0	85624	0	0	0	0	0	283102	0	0	0	0	398813	0	0	0	409612	0
FFQ	113	0	0	0	0	0	0	0	0	0	0	0	0	0	0	318999	0	0	0	0	0	0	95325	0	0	0	0	0	295385	0	0	0	0	396052	0	0	0	381346	0
FFQ	114	0	0	0	0	0	0	0	0	0	0	0	0	0	0	319152	0	0	0	0	0	0	97530	0	0	0	0	0	303449	0	0	0	0	402422	0	0	0	364554	0
FFQ	115	0	0	34	0	0	0	0	0	0	0	0	0	0	0	332681	0	0	0	0	0	0	98716	0	0	0	0	0	302019	0	0	0	0	394413	0	0	0	359244	0
FFQ	116	0	0	1	0	0	0	0	0	0	0	0	0	0	0	339682	0	0	0	0	0	0	97517	0	0	0	0	0	302207	0	0	0	0	394635	0	0	0	353065	0
FFQ	117	0	0	59	0	0	0	0	0	0	0	0	0	0	0	336861	0	0	0	0	0	0	97335	0	0	0	0	0	312387	0	0	0	0	405152	0	0	0	335313	0
FFQ	118	0	0	6	0	0	0	0	0	0	0	0	0	0	0	337391	0	0	0	0	0	0	97413	0	0	0	0	0	313490	0	0	0	0	407082	0	0	0	331725	0
FFQ	119	0	0	22	0	0	0	0	0	0	0	0	0	0	0	341355	0	0	0	0	0	0	99076	0	0	0	0	0	313242	0	0	0	0	406155	0	0	0	327257	0
FFQ	120	0	0	108	0	0	0	0	0	0	0	0	0	0	0	348902	0	0	0	0	0	0	103107	0	0	0	0	0	314691	0	0	0	0	397646	0	0	0	322653	0
FFQ	121	0	0	1	0	0	0	0	0	0	0	0	0	0	0	355100	0	0	0	0	0	0	104951	0	0	0	0	0	319608	0	0	0	0	395282	0	0	0	312165	0
FFQ	122	0	0	2	0	0	0	0	0	0	0	0	0	0	0	356718	0	0	0	0	0	0	108006	0	0	0	0	0	316538	0	0	0	0	399011	0	0	0	306832	0
FFQ	123	0	0	1	0	0	0	0	0	0	0	0	0	0	0	357095	0	0	0	0	0	0	111090	0	0	0	0	0	331923	0	0	0	0	404837	0	0	0	282161	0
FFQ	124	0	0	0	0	0	0	0	0	0	0	0	0	0	0	361731	0	0	0	0	0	0	121663	0	0	0	0	0	331520	0	0	0	0	402672	0	0	0	269521	0
FFQ	125	0	0	0	0	0	0	0	0	0	0	0	0	0	0	356006	0	0	0	0	0	0	125529	0	0	0	0	0	328790	0	0	0	0	417546	0	0	0	259236	0
FFQ	126	0	0	0	0	0	0	0	0	0	0	0	0	0	0	367942	0	0	0	0	0	0	129090	0	0	0	0	0	330551	0	0	0	0	409777	0	0	0	249747	0
FFQ	127	0	0	0	0	0	0	0	0	0	0	0	0	0	0	367095	0	0	0	0	0	0	134469	0	0	0	0	0	333463	0	0	0	0	411894	0	0	0	240186	0
FFQ	128	0	0	1	0	0	0	0	0	0	0	0	0	0	0	371504	0	0	0	0	0	0	141600	0	0	0	0	0	341003	0	0	0	0	407005	0	0	0	225994	0
FFQ	129	0	0	70	0	0	0	0	0	0	0	0	0	0	0	380361	0	0	0	0	0	0	150008	0	0	0	0	0	343063	0	0	0	0	399438	0	0	0	214167	0
FFQ	130	0	0	3	0	0	0	0	0	0	0	0	0	0	0	382324	0	0	0	0	0	0	145275	0	0	0	0	0	343928	0	0	0	0	397649	0	0	0	217928	0
FFQ	131	0	0	7	0	0	0	0	0	0	0	0	0	0	0	373440	0	0	0	0	0	0	151673	0	0	0	0	0	344175	0	0	0	0	409876	0	0	0	207936	0
FFQ	132	0	0	6	0	0	0	0	0	0	0	0	0	0	0	372968	0	0	0	0	0	0	153565	0	0	0	0	0	337026	0	0	0	0	413279	0	0	0	210263	0
FFQ	133	0	0	1	0	0	0	0	0	0	0	0	0	0	0	377166	0	0	0	0	0	0	161623	0	0	0	0	0	337778	0	0	0	0	406791	0	0	0	203748	0
FFQ	134	0	0	0	0	0	0	0	0	0	0	0	0	0	0	377803	0	0	0	0	0	0	163577	0	0	0	0	0	334200	0	0	0	0	407038	0	0	0	204489	0
FFQ	135	0	0	0	0	0	0	0	0	0	0	0	0	0	0	390440	0	0	0	0	0	0	177321	0	0	0	0	0	335434	0	0	0	0	394366	0	0	0	189546	0
FFQ	136	0	0	0	0	0	0	0	0	0	0	0	0	0	0	393168	0	0	0	0	0	0	180172	0	0	0	0	0	340763	0	0	0	0	392592	0	0	0	180412	0
FFQ	137	0	0	0	0	0	0	0	0	0	0	0	0	0	0	397238	0	0	0	0	0	0	169562	0	0	0	0	0	345046	0	0	0	0	396288	0	0	0	178973	0
FFQ	138	0	0	0	0	0	0	0	0	0	0	0	0	0	0	403259	0	0	0	0	0	0	174674	0	0	0	0	0	341496	0	0	0	0	388562	0	0	0	179116	0
FFQ	139	0	0	3	0	0	0	0	0	0	0	0	0	0	0	402413	0	0	0	0	0	0	176208	0	0	0	0	0	342327	0	0	0	0	390428	0	0	0	175728	0
FFQ	140	0	0	3	0	0	0	0	0	0	0	0	0	0	0	697181	0	0	0	0	0	0	270207	0	0	0	0	0	305641	0	0	0	0	174530	0	0	0	39545	0
# Last Fragment Qualities. Use `grep ^LFQ | cut -f 2-` to extract this part.
# Columns correspond to qualities and rows to cycles. First column is the cycle number.
LFQ	1	0	0	1	0	0	0	0	0	0	0	0	0	0	0	36979	0	0	0	0	0	0	28896	0	0	0	0	0	1658	0	0	0	0	1419573	0	0	0	0	0
LFQ	2	0	0	1	0	0	0	0	0	0	0	0	0	0	0	32117	0	0	0	0	0	0	12677	0	0	0	0	0	382	0	0	0	0	1441930	0	0	0	0	0
LFQ	3	0	0	0	0	0	0	0	0	0	0	0	0	0	0	30963	0	0	0	0	0	0	12828	0	0	0	0	0	343	0	0	0	0	1442973	0	0	0	0	0
LFQ	4	0	0	0	0	0	0	0	0	0	0	0	0	0	0	27917	0	0	0	0	0	0	10757	0	0	0	0	0	322	0	0	0	0	1448111	0	0	0	0	0
LFQ	5	0	0	0	0	0	0	0	0	0	0	0	0	0	0	26351	0	0	0	0	0	0	13979	0	0	0	0	0	341	0	0	0	0	1446436	0	0	0	0	0
LFQ	6	0	0	10	0	0	0	0	0	0	0	0	0	0	0	29632	0	0	0	0	0	0	22924	0	0	0	0	0	491	0	0	0	0	67258	0	0	0	1366792	0
LFQ	7	0	0	3	0	0	0	0	0	0	0	0	0	0	0	32258	0	0	0	0	0	0	19076	0	0	0	0	0	290	0	0	0	0	77423	0	0	0	1358057	0
LFQ	8	0	0	10	0	0	0	0	0	0	0	0	0	0	0	34250	0	0	0	0	0	0	17413	0	0	0	0	0	219	0	0	0	0	80539	0	0	0	1354676	0
LFQ	9	0	0	0	0	0	0	0	0	0	0	0	0	0	0	36683	0	0	0	0	0	0	12614	0	0	0	0	0	102	0	0	0	0	109666	0	0	0	1328042	0
LFQ	10	0	0	0	0	0	0	0	0	0	0	0	0	0	0	42608	0	0	0	0	0	0	9083	0	0	0	0	0	34	0	0	0	0	107565	0	0	0	1327817	0
LFQ	11	0	0	0	0	0	0	0	0	0	0	0	0	0	0	32388	0	0	0	0	0	0	11361	0	0	0	0	0	42	0	0	0	0	73880	0	0	0	1369436	0
LFQ	12	0	0	0	0	0	0	0	0	0	0	0	0	0	0	37701	0	0	0	0	0	0	13218	0	0	0	0	0	52	0	0	0	0	93808	0	0	0	1342328	0
LFQ	13	0	0	0	0	0	0	0	0	0	0	0	0	0	0	35592	0	0	0	0	0	0	11588	0	0	0	0	0	58	0	0	0	0	86334	0	0	0	1353535	0
LFQ	14	0	0	2	0	0	0	0	0	0	0	0	0	0	0	39107	0	0	0	0	0	0	11049	0	0	0	0	0	114	0	0	0	0	104340	0	0	0	1332495	0
LFQ	15	0	0	96	0	0	0	0	0	0	0	0	0	0	0	39841	0	0	0	0	0	0	11535	0	0	0	0	0	319	0	0	0	0	92846	0	0	0	1342470	0
LFQ	16	0	0	2	0	0	0	0	0	0	0	0	0	0	0	38568	0	0	0	0	0	0	12708	0	0	0	0	0	454	0	0	0	0	90709	0	0	0	1344666	0
LFQ	17	0	0	62	0	0	0	0	0	0	0	0	0	0	0	40315	0	0	0	0	0	0	13199	0	0	0	0	0	1489	0	0	0	0	93898	0	0	0	1338144	0
LFQ	18	0	0	40	0	0	0	0	0	0	0	0	0	0	0	41015	0	0	0	0	0	0	12046	0	0	0	0	0	3111	0	0	0	0	92540	0	0	0	1338355	0
LFQ	19	0	0	5	0	0	0	0	0	0	0	0	0	0	0	42466	0	0	0	0	0	0	11608	0	0	0	0	0	4112	0	0	0	0	93308	0	0	0	1335608	0
LFQ	20	0	0	2	0	0	0	0	0	0	0	0	0	0	0	43132	0	0	0	0	0	0	10412	0	0	0	0	0	5632	0	0	0	0	91986	0	0	0	1335943	0
LFQ	21	0	0	0	0	0	0	0	0	0	0	0	0	0	0	44935	0	0	0	0	0	0	10704	0	0	0	0	0	6205	0	0	0	0	94442	0	0	0	1330821	0
LFQ	22	0	0	0	0	0	0	0	0	0	0	0	0	0	0	47369	0	0	0	0	0	0	9796	0	0	0	0	0	7698	0	0	0	0	95431	0	0	0	1326813	0
LFQ	23	0	0	0	0	0	0	0	0	0	0	0	0	0	0	48884	0	0	0	0	0	0	8412	0	0	0	0	0	10583	0	0	0	0	94333	0	0	0	1324895	0
LFQ	24	0	0	0	0	0	0	0	0	0	0	0	0	0	0	50884	0	0	0	0	0	0	8156	0	0	0	0	0	11690	0	0	0	0	95056	0	0	0	1321321	0
LFQ	25	0	0	0	0	0	0	0	0	0	0	0	0	0	0	52131	0	0	0	0	0	0	8005	0	0	0	0	0	12614	0	0	0	0	96645	0	0	0	1317712	0
LFQ	26	0	0	7	0	0	0	0	0	0	0	0	0	0	0	56858	0	0	0	0	0	0	6767	0	0	0	0	0	15210	0	0	0	0	96289	0	0	0	1311976	0
LFQ	27	0	0	21	0	0	0	0	0	0	0	0	0	0	0	57626	0	0	0	0	0	0	6237	0	0	0	0	0	16191	0	0	0	0	98281	0	0	0	1308751	0
LFQ	28	0	0	2	0	0	0	0	0	0	0	0	0	0	0	58345	0	0	0	0	0	0	5970	0	0	0	0	0	16884	0	0	0	0	98648	0	0	0	1307258	0
LFQ	29	0	0	6	0	0	0	0	0	0	0	0	0	0	0	60883	0	0	0	0	0	0	6217	0	0	0	0	0	17847	0	0	0	0	101648	0	0	0	1300506	0
LFQ	30	0	0	0	0	0	0	0	0	0	0	0	0	0	0	60827	0	0	0	0	0	0	5866	0	0	0	0	0	17841	0	0	0	0	104712	0	0	0	1297861	0
LFQ	31	0	0	0	0	0	0	0	0	0	0	0	0	0	0	61805	0	0	0	0	0	0	5514	0	0	0	0	0	17218	0	0	0	0	103916	0	0	0	1298654	0
LFQ	32	0	0	21	0	0	0	0	0	0	0	0	0	0	0	63999	0	0	0	0	0	0	5421	0	0	0	0	0	18159	0	0	0	0	106301	0	0	0	1293206	0
LFQ	33	0	0	1	0	0	0	0	0	0	0	0	0	0	0	64354	0	0	0	0	0	0	4949	0	0	0	0	0	17856	0	0	0	0	107666	0	0	0	1292281	0
LFQ	34	0	0	2	0	0	0	0	0	0	0	0	0	0	0	65801	0	0	0	0	0	0	4634	0	0	0	0	0	18457	0	0	0	0	110654	0	0	0	1287559	0
LFQ	35	0	0	0	0	0	0	0	0	0	0	0	0	0	0	68302	0	0	0	0	0	0	4164	0	0	0	0	0	19129	0	0	0	0	113197	0	0	0	1282315	0
LFQ	36	0	0	1	0	0	0	0	0	0	0	0	0	0	0	69939	0	0	0	0	0	0	3931	0	0	0	0	0	19138	0	0	0	0	113211	0	0	0	1280887	0
LFQ	37	0	0	0	0	0	0	0	0	0	0	0	0	0	0	72451	0	0	0	0	0	0	4140	0	0	0	0	0	20128	0	0	0	0	114480	0	0	0	1275908	0
LFQ	38	0	0	0	0	0	0	0	0	0	0	0	0	0	0	72366	0	0	0	0	0	0	3863	0	0	0	0	0	20023	0	0	0	0	115419	0	0	0	1275436	0
LFQ	39	0	0	0	0	0	0	0	0	0	0	0	0	0	0	75420	0	0	0	0	0	0	4054	0	0	0	0	0	20424	0	0	0	0	117699	0	0	0	1269510	0
LFQ	40	0	0	0	0	0	0	0	0	0	0	0	0	0	0	77422	0	0	0	0	0	0	4737	0	0	0	0	0	21324	0	0	0	0	117257	0	0	0	1266367	0
LFQ	41	0	0	0	0	0	0	0	0	0	0	0	0	0	0	78677	0	0	0	0	0	0	5611	0	0	0	0	0	21575	0	0	0	0	113519	0	0	0	1267725	0
LFQ	42	0	0	0	0	0	0	0	0	0	0	0	0	0	0	81044	0	0	0	0	0	0	6680	0	0	0	0	0	22754	0	0	0	0	116891	0	0	0	1259738	0
LFQ	43	0	0	0	0	0	0	0	0	0	0	0	0	0	0	80862	0	0	0	0	0	0	7888	0	0	0	0	0	23694	0	0	0	0	113605	0	0	0	1261058	0
LFQ	44	0	0	1	0	0	0	0	0	0	0	0	0	0	0	80382	0	0	0	0	0	0	8676	0	0	0	0	0	23985	0	0	0	0	112963	0	0	0	1261100	0
LFQ	45	0	0	1	0	0	0	0	0	0	0	0	0	0	0	80997	0	0	0	0	0	0	10398	0	0	0	0	0	24776	0	0	0	0	111513	0	0	0	1259422	0
LFQ	46	0	0	1	0	0	0	0	0	0	0	0	0	0	0	80775	0	0	0	0	0	0	12079	0	0	0	0	0	26406	0	0	0	0	108484	0	0	0	1259362	0
LFQ	47	0	0	0	0	0	0	0	0	0	0	0	0	0	0	80612	0	0	0	0	0	0	13672	0	0	0	0	0	27799	0	0	0	0	107282	0	0	0	1257742	0
LFQ	48	0	0	0	0	0	0	0	0	0	0	0	0	0	0	83077	0	0	0	0	0	0	15233	0	0	0	0	0	28693	0	0	0	0	107428	0	0	0	1252676	0
LFQ	49	0	0	0	0	0	0	0	0	0	0	0	0	0	0	87166	0	0	0	0	0	0	15998	0	0	0	0	0	30833	0	0	0	0	113187	0	0	0	1239923	0
LFQ	50	0	0	1	0	0	0	0	0	0	0	0	0	0	0	88163	0	0	0	0	0	0	18408	0	0	0	0	0	34341	0	0	0	0	114894	0	0	0	1231300	0
LFQ	51	0	0	0	0	0	0	0	0	0	0	0	0	0	0	88966	0	0	0	0	0	0	20069	0	0	0	0	0	36585	0	0	0	0	115783	0	0	0	1225704	0
LFQ	52	0	0	0	0	0	0	0	0	0	0	0	0	0	0	88709	0	0	0	0	0	0	21097	0	0	0	0	0	37614	0	0	0	0	118754	0	0	0	1220933	0
LFQ	53	0	0	0	0	0	0	0	0	0	0	0	0	0	0	91112	0	0	0	0	0	0	21413	0	0	0	0	0	38641	0	0	0	0	120541	0	0	0	1215400	0
LFQ	54	0	0	0	0	0	0	0	0	0	0	0	0	0	0	93105	0	0	0	0	0	0	22698	0	0	0	0	0	40465	0	0	0	0	123591	0	0	0	1207248	0
LFQ	55	0	0	0	0	0	0	0	0	0	0	0	0	0	0	91814	0	0	0	0	0	0	22471	0	0	0	0	0	41657	0	0	0	0	128486	0	0	0	1202679	0
LFQ	56	0	0	0	0	0	0	0	0	0	0	0	0	0	0	94055	0	0	0	0	0	0	22538	0	0	0	0	0	43173	0	0	0	0	135069	0	0	0	1192272	0
LFQ	57	0	0	1	0	0	0	0	0	0	0	0	0	0	0	95135	0	0	0	0	0	0	23164	0	0	0	0	0	46306	0	0	0	0	143554	0	0	0	1178947	0
LFQ	58	0	0	1	0	0	0	0	0	0	0	0	0	0	0	94803	0	0	0	0	0	0	22998	0	0	0	0	0	47829	0	0	0	0	153999	0	0	0	1167477	0
LFQ	59	0	0	13	0	0	0	0	0	0	0	0	0	0	0	98201	0	0	0	0	0	0	22880	0	0	0	0	0	50340	0	0	0	0	161973	0	0	0	1153700	0
LFQ	60	0	0	8	0	0	0	0	0	0	0	0	0	0	0	99607	0	0	0	0	0	0	23244	0	0	0	0	0	52424	0	0	0	0	169788	0	0	0	1142036	0
LFQ	61	0	0	62	0	0	0	0	0	0	0	0	0	0	0	101381	0	0	0	0	0	0	23570	0	0	0	0	0	53772	0	0	0	0	176309	0	0	0	1132013	0
LFQ	62	0	0	27	0	0	0	0	0	0	0	0	0	0	0	102310	0	0	0	0	0	0	23657	0	0	0	0	0	55731	0	0	0	0	181885	0	0	0	1123497	0
LFQ	63	0	0	36	0	0	0	0	0	0	0	0	0	0	0	104902	0	0	0	0	0	0	24115	0	0	0	0	0	58446	0	0	0	0	188911	0	0	0	1110697	0
LFQ	64	0	0	32	0	0	0	0	0	0	0	0	0	0	0	103554	0	0	0	0	0	0	23811	0	0	0	0	0	59529	0	0	0	0	193607	0	0	0	1106574	0
LFQ	65	0	0	21	0	0	0	0	0	0	0	0	0	0	0	104575	0	0	0	0	0	0	23317	0	0	0	0	0	61416	0	0	0	0	199679	0	0	0	1098099	0
LFQ	66	0	0	24	0	0	0	0	0	0	0	0	0	0	0	106201	0	0	0	0	0	0	23635	0	0	0	0	0	62040	0	0	0	0	205115	0	0	0	1090092	0
LFQ	67	0	0	10	0	0	0	0	0	0	0	0	0	0	0	108823	0	0	0	0	0	0	24032	0	0	0	0	0	64841	0	0	0	0	212432	0	0	0	1076969	0
LFQ	68	0	0	5	0	0	0	0	0	0	0	0	0	0	0	106678	0	0	0	0	0	0	23668	0	0	0	0	0	65128	0	0	0	0	211761	0	0	0	1079867	0
LFQ	69	0	0	0	0	0	0	0	0	0	0	0	0	0	0	109179	0	0	0	0	0	0	23820	0	0	0	0	0	66470	0	0	0	0	214191	0	0	0	1073447	0
LFQ	70	0	0	1	0	0	0	0	0	0	0	0	0	0	0	111932	0	0	0	0	0	0	24151	0	0	0	0	0	67067	0	0	0	0	215473	0	0	0	1068483	0
LFQ	71	0	0	0	0	0	0	0	0	0	0	0	0	0	0	114372	0	0	0	0	0	0	24073	0	0	0	0	0	70335	0	0	0	0	222896	0	0	0	1055431	0
LFQ	72	0	0	0	0	0	0	0	0	0	0	0	0	0	0	116913	0	0	0	0	0	0	24078	0	0	0	0	0	72086	0	0	0	0	222691	0	0	0	1051339	0
LFQ	73	0	0	0	0	0	0	0	0	0	0	0	0	0	0	120110	0	0	0	0	0	0	24423	0	0	0	0	0	75727	0	0	0	0	228480	0	0	0	1038367	0
LFQ	74	0	0	0	0	0	0	0	0	0	0	0	0	0	0	121177	0	0	0	0	0	0	24924	0	0	0	0	0	77427	0	0	0	0	228364	0	0	0	1035215	0
LFQ	75	0	0	0	0	0	0	0	0	0	0	0	0	0	0	122652	0	0	0	0	0	0	25142	0	0	0	0	0	79656	0	0	0	0	229797	0	0	0	1029860	0
LFQ	76	0	0	0	0	0	0	0	0	0	0	0	0	0	0	125359	0	0	0	0	0	0	25884	0	0	0	0	0	80520	0	0	0	0	235015	0	0	0	1020329	0
LFQ	77	0	0	0	0	0	0	0	0	0	0	0	0	0	0	127310	0	0	0	0	0	0	26974	0	0	0	0	0	82032	0	0	0	0	234297	0	0	0	1016494	0
LFQ	78	0	0	0	0	0	0	0	0	0	0	0	0	0	0	128595	0	0	0	0	0	0	26524	0	0	0	0	0	83241	0	0	0	0	237395	0	0	0	1011352	0
LFQ	79	0	0	3	0	0	0	0	0	0	0	0	0	0	0	133598	0	0	0	0	0	0	27557	0	0	0	0	0	85140	0	0	0	0	239171	0	0	0	1001638	0
LFQ	80	0	0	4	0	0	0	0	0	0	0	0	0	0	0	135093	0	0	0	0	0	0	28500	0	0	0	0	0	85923	0	0	0	0	237758	0	0	0	999829	0
LFQ	81	0	0	53	0	0	0	0	0	0	0	0	0	0	0	138464	0	0	0	0	0	0	29715	0	0	0	0	0	86584	0	0	0	0	240329	0	0	0	991962	0
LFQ	82	0	0	28	0	0	0	0	0	0	0	0	0	0	0	141802	0	0	0	0	0	0	29872	0	0	0	0	0	88660	0	0	0	0	244049	0	0	0	982696	0
LFQ	83	0	0	8	0	0	0	0	0	0	0	0	0	0	0	141032	0	0	0	0	0	0	30039	0	0	0	0	0	88635	0	0	0	0	240249	0	0	0	987144	0
LFQ	84	0	0	2	0	0	0	0	0	0	0	0	0	0	0	143917	0	0	0	0	0	0	31028	0	0	0	0	0	90225	0	0	0	0	241921	0	0	0	980014	0
LFQ	85	0	0	0	0	0	0	0	0	0	0	0	0	0	0	143968	0	0	0	0	0	0	30800	0	0	0	0	0	88744	0	0	0	0	235356	0	0	0	988239	0
LFQ	86	0	0	0	0	0	0	0	0	0	0	0	0	0	0	147994	0	0	0	0	0	0	31033	0	0	0	0	0	91095	0	0	0	0	242012	0	0	0	974973	0
LFQ	87	0	0	0	0	0	0	0	0	0	0	0	0	0	0	150489	0	0	0	0	0	0	31328	0	0	0	0	0	91838	0	0	0	0	242041	0	0	0	971411	0
LFQ	88	0	0	0	0	0	0	0	0	0	0	0	0	0	0	154537	0	0	0	0	0	0	31837	0	0	0	0	0	93801	0	0	0	0	244510	0	0	0	962422	0
LFQ	89	0	0	2	0	0	0	0	0	0	0	0	0	0	0	160289	0	0	0	0	0	0	32378	0	0	0	0	0	95404	0	0	0	0	247779	0	0	0	951255	0
LFQ	90	0	0	0	0	0	0	0	0	0	0	0	0	0	0	164453	0	0	0	0	0	0	34513	0	0	0	0	0	100118	0	0	0	0	253118	0	0	0	934905	0
LFQ	91	0	0	0	0	0	0	0	0	0	0	0	0	0	0	168983	0	0	0	0	0	0	34536	0	0	0	0	0	104660	0	0	0	0	257729	0	0	0	921199	0
LFQ	92	0	0	0	0	0	0	0	0	0	0	0	0	0	0	169458	0	0	0	0	0	0	35309	0	0	0	0	0	104335	0	0	0	0	257789	0	0	0	920216	0
LFQ	93	0	0	0	0	0	0	0	0	0	0	0	0	0	0	170119	0	0	0	0	0	0	34870	0	0	0	0	0	106189	0	0	0	0	257945	0	0	0	917984	0
LFQ	94	0	0	1	0	0	0	0	0	0	0	0	0	0	0	172958	0	0	0	0	0	0	35682	0	0	0	0	0	107219	0	0	0	0	259943	0	0	0	911304	0
LFQ	95	0	0	0	0	0	0	0	0	0	0	0	0	0	0	174758	0	0	0	0	0	0	34235	0	0	0	0	0	106424	0	0	0	0	261510	0	0	0	910180	0
LFQ	96	0	0	0	0	0	0	0	0	0	0	0	0	0	0	179377	0	0	0	0	0	0	34781	0	0	0	0	0	108410	0	0	0	0	262411	0	0	0	902128	0
LFQ	97	0	0	0	0	0	0	0	0	0	0	0	0	0	0	182543	0	0	0	0	0	0	34949	0	0	0	0	0	110262	0	0	0	0	263940	0	0	0	895413	0
LFQ	98	0	0	2	0	0	0	0	0	0	0	0	0	0	0	186555	0	0	0	0	0	0	36128	0	0	0	0	0	115659	0	0	0	0	272613	0	0	0	876150	0
LFQ	99	0	0	5	0	0	0	0	0	0	0	0	0	0	0	187805	0	0	0	0	0	0	35836	0	0	0	0	0	120022	0	0	0	0	274487	0	0	0	868952	0
LFQ	100	0	0	6	0	0	0	0	0	0	0	0	0	0	0	193641	0	0	0	0	0	0	36649	0	0	0	0	0	122576	0	0	0	0	279984	0	0	0	854251	0
LFQ	101	0	0	3	0	0	0	0	0	0	0	0	0	0	0	198374	0	0	0	0	0	0	37222	0	0	0	0	0	125705	0	0	0	0	283691	0	0	0	842112	0
LFQ	102	0	0	17	0	0	0	0	0	0	0	0	0	0	0	200561	0	0	0	0	0	0	38157	0	0	0	0	0	126587	0	0	0	0	284826	0	0	0	836959	0
LFQ	103	0	0	7	0	0	0	0	0	0	0	0	0	0	0	203337	0	0	0	0	0	0	38452	0	0	0	0	0	128661	0	0	0	0	290448	0	0	0	826202	0
LFQ	104	0	0	0	0	0	0	0	0	0	0	0	0	0	0	204844	0	0	0	0	0	0	37398	0	0	0	0	0	128612	0	0	0	0	289956	0	0	0	826297	0
LFQ	105	0	0	0	0	0	0	0	0	0	0	0	0	0	0	205977	0	0	0	0	0	0	36159	0	0	0	0	0	131174	0	0	0	0	289056	0	0	0	824741	0
LFQ	106	0	0	0	0	0	0	0	0	0	0	0	0	0	0	208376	0	0	0	0	0	0	35037	0	0	0	0	0	129339	0	0	0	0	283724	0	0	0	830631	0
LFQ	107	0	0	0	0	0	0	0	0	0	0	0	0	0	0	210718	0	0	0	0	0	0	34404	0	0	0	0	0	134727	0	0	0	0	290759	0	0	0	816499	0
LFQ	108	0	0	0	0	0	0	0	0	0	0	0	0	0	0	218017	0	0	0	0	0	0	35240	0	0	0	0	0	139630	0	0	0	0	295553	0	0	0	798667	0
LFQ	109	0	0	2	0	0	0	0	0	0	0	0	0	0	0	222871	0	0	0	0	0	0	34841	0	0	0	0	0	147256	0	0	0	0	299726	0	0	0	782411	0
LFQ	110	0	0	2	0	0	0	0	0	0	0	0	0	0	0	224514	0	0	0	0	0	0	34070	0	0	0	0	0	147416	0	0	0	0	300227	0	0	0	780878	0
LFQ	111	0	0	2	0	0	0	0	0	0	0	0	0	0	0	231448	0	0	0	0	0	0	35667	0	0	0	0	0	153695	0	0	0	0	305456	0	0	0	760839	0
LFQ	112	0	0	0	0	0	0	0	0	0	0	0	0	0	0	234910	0	0	0	0	0	0	34595	0	0	0	0	0	152024	0	0	0	0	303402	0	0	0	762176	0
LFQ	113	0	0	0	0	0	0	0	0	0	0	0	0	0	0	238859	0	0	0	0	0	0	35148	0	0	0	0	0	156541	0	0	0	0	311528	0	0	0	745031	0
LFQ	114	0	0	0	0	0	0	0	0	0	0	0	0	0	0	242770	0	0	0	0	0	0	37204	0	0	0	0	0	161003	0	0	0	0	318742	0	0	0	727388	0
LFQ	115	0	0	0	0	0	0	0	0	0	0	0	0	0	0	240067	0	0	0	0	0	0	36626	0	0	0	0	0	162772	0	0	0	0	322425	0	0	0	725217	0
LFQ	116	0	0	0	0	0	0	0	0	0	0	0	0	0	0	242624	0	0	0	0	0	0	37113	0	0	0	0	0	164255	0	0	0	0	323922	0	0	0	719193	0
LFQ	117	0	0	1	0	0	0	0	0	0	0	0	0	0	0	242093	0	0	0	0	0	0	37978	0	0	0	0	0	171017	0	0	0	0	336129	0	0	0	699889	0
LFQ	118	0	0	15	0	0	0	0	0	0	0	0	0	0	0	242474	0	0	0	0	0	0	37729	0	0	0	0	0	172288	0	0	0	0	332515	0	0	0	702086	0
LFQ	119	0	0	0	0	0	0	0	0	0	0	0	0	0	0	249057	0	0	0	0	0	0	38828	0	0	0	0	0	180837	0	0	0	0	344215	0	0	0	674170	0
LFQ	120	0	0	5	0	0	0	0	0	0	0	0	0	0	0	256863	0	0	0	0	0	0	39240	0	0	0	0	0	182428	0	0	0	0	344888	0	0	0	663683	0
LFQ	121	0	0	13	0	0	0	0	0	0	0	0	0	0	0	261890	0	0	0	0	0	0	38928	0	0	0	0	0	183923	0	0	0	0	344627	0	0	0	657726	0
LFQ	122	0	0	28	0	0	0	0	0	0	0	0	0	0	0	264498	0	0	0	0	0	0	37680	0	0	0	0	0	185555	0	0	0	0	345136	0	0	0	654210	0
LFQ	123	0	0	7	0	0	0	0	0	0	0	0	0	0	0	269174	0	0	0	0	0	0	38999	0	0	0	0	0	190683	0	0	0	0	356421	0	0	0	631823	0
LFQ	124	0	0	17	0	0	0	0	0	0	0	0	0	0	0	265128	0	0	0	0	0	0	39879	0	0	0	0	0	187512	0	0	0	0	357493	0	0	0	637078	0
LFQ	125	0	0	13	0	0	0	0	0	0	0	0	0	0	0	264932	0	0	0	0	0	0	40254	0	0	0	0	0	193696	0	0	0	0	364165	0	0	0	624047	0
LFQ	126	0	0	0	0	0	0	0	0	0	0	0	0	0	0	263381	0	0	0	0	0	0	41142	0	0	0	0	0	197209	0	0	0	0	368174	0	0	0	617201	0
LFQ	127	0	0	0	0	0	0	0	0	0	0	0	0	0	0	264069	0	0	0	0	0	0	44224	0	0	0	0	0	198561	0	0	0	0	377469	0	0	0	602784	0
LFQ	128	0	0	0	0	0	0	0	0	0	0	0	0	0	0	265952	0	0	0	0	0	0	45073	0	0	0	0	0	201465	0	0	0	0	380021	0	0	0	594596	0
LFQ	129	0	0	0	0	0	0	0	0	0	0	0	0	0	0	273267	0	0	0	0	0	0	46181	0	0	0	0	0	207002	0	0	0	0	384479	0	0	0	576178	0
LFQ	130	0	0	0	0	0	0	0	0	0	0	0	0	0	0	279851	0	0	0	0	0	0	45056	0	0	0	0	0	208014	0	0	0	0	381847	0	0	0	572339	0
LFQ	131	0	0	0	0	0	0	0	0	0	0	0	0	0	0	277105	0	0	0	0	0	0	46775	0	0	0	0	0	208215	0	0	0	0	385392	0	0	0	569620	0
LFQ	132	0	0	0	0	0	0	0	0	0	0	0	0	0	0	284750	0	0	0	0	0	0	47653	0	0	0	0	0	213813	0	0	0	0	386696	0	0	0	554195	0
LFQ	133	0	0	0	0	0	0	0	0	0	0	0	0	0	0	286817	0	0	0	0	0	0	50689	0	0	0	0	0	216359	0	0	0	0	394853	0	0	0	538389	0
LFQ	134	0	0	0	0	0	0	0	0	0	0	0	0	0	0	289267	0	0	0	0	0	0	50674	0	0	0	0	0	220767	0	0	0	0	393215	0	0	0	533184	0
LFQ	135	0	0	6	0	0	0	0	0	0	0	0	0	0	0	283607	0	0	0	0	0	0	54298	0	0	0	0	0	224312	0	0	0	0	411110	0	0	0	513774	0
LFQ	136	0	0	0	0	0	0	0	0	0	0	0	0	0	0	281937	0	0	0	0	0	0	54413	0	0	0	0	0	230583	0	0	0	0	407958	0	0	0	512216	0
LFQ	137	0	0	1	0	0	0	0	0	0	0	0	0	0	0	278536	0	0	0	0	0	0	55170	0	0	0	0	0	229358	0	0	0	0	418597	0	0	0	505445	0
LFQ	138	0	0	0	0	0	0	0	0	0	0	0	0	0	0	282222	0	0	0	0	0	0	60445	0	0	0	0	0	245355	0	0	0	0	432209	0	0	0	466876	0
LFQ	139	0	0	4	0	0	0	0	0	0	0	0	0	0	0	275537	0	0	0	0	0	0	57322	0	0	0	0	0	240256	0	0	0	0	434575	0	0	0	479413	0
LFQ	140	0	0	11	0	0	0	0	0	0	0	0	0	0	0	551467	0	0	0	0	0	0	128072	0	0	0	0	0	364789	0	0	0	0	297993	0	0	0	144775	0
# GC Content of first fragments. Use `grep ^GCF | cut -f 2-` to extract this part.
GCF	1.26	0
GCF	3.02	1
GCF	4.02	0
GCF	5.03	1
GCF	6.53	0
GCF	8.04	4
GCF	9.05	2
GCF	10.05	1
GCF	10.80	3
GCF	12.31	2
GCF	13.82	4
GCF	14.32	1
GCF	15.08	9
GCF	15.83	4
GCF	16.58	10
GCF	17.34	15
GCF	17.84	13
GCF	18.59	21
GCF	19.35	31
GCF	20.10	38
GCF	20.85	24
GCF	21.61	54
GCF	22.36	63
GCF	22.86	72
GCF	23.62	82
GCF	24.37	87
GCF	25.13	127
GCF	25.88	134
GCF	26.63	138
GCF	27.39	179
GCF	27.89	187
GCF	28.64	211
GCF	29.40	219
GCF	30.15	260
GCF	30.90	310
GCF	31.91	356
GCF	32.91	423
GCF	33.67	490
GCF	34.42	494
GCF	35.18	590
GCF	35.93	591
GCF	36.43	679
GCF	37.19	764
GCF	37.94	798
GCF	38.69	868
GCF	39.45	894
GCF	40.20	1046
GCF	40.95	1023
GCF	41.46	1189
GCF	42.21	1304
GCF	42.96	1280
GCF	43.72	1498
GCF	44.47	1740
GCF	44.97	1999
GCF	45.73	2306
GCF	46.48	2908
GCF	47.24	3445
GCF	47.99	4406
GCF	48.74	5386
GCF	49.50	6986
GCF	50.00	8880
GCF	50.75	11026
GCF	51.51	13916
GCF	52.26	17125
GCF	53.02	20476
GCF	53.77	24183
GCF	54.52	28178
GCF	55.03	31631
GCF	55.78	36059
GCF	56.53	40117
GCF	57.29	43994
GCF	58.04	47986
GCF	58.54	51939
GCF	59.30	54561
GCF	60.05	57524
GCF	60.80	59535
GCF	61.56	61892
GCF	62.31	63296
GCF	63.07	64840
GCF	63.57	64552
GCF	64.32	64496
GCF	65.08	63000
GCF	65.83	61072
GCF	66.58	58023
GCF	67.34	53942
GCF	68.09	49610
GCF	68.59	44688
GCF	69.35	39131
GCF	70.10	34227
GCF	70.85	29048
GCF	71.61	24540
GCF	72.11	20324
GCF	72.86	16899
GCF	73.62	13810
GCF	74.37	10867
GCF	75.13	8819
GCF	75.88	7142
GCF	76.63	5639
GCF	77.14	4676
GCF	77.89	3796
GCF	78.64	3389
GCF	79.40	2882
GCF	80.15	2320
GCF	80.90	2007
GCF	81.66	1652
GCF	82.16	1395
GCF	82.91	1177
GCF	83.67	990
GCF	84.42	813
GCF	85.18	600
GCF	85.68	528
GCF	86.43	405
GCF	87.19	338
GCF	87.94	274
GCF	88.69	215
GCF	89.45	169
GCF	90.20	140
GCF	90.70	113
GCF	91.46	92
GCF	92.21	76
GCF	92.96	75
GCF	93.72	71
GCF	94.47	57
GCF	95.23	56
GCF	95.73	54
GCF	96.48	60
GCF	97.24	79
GCF	97.99	124
GCF	98.74	193
GCF	99.50	498
# GC Content of last fragments. Use `grep ^GCL | cut -f 2-` to extract this part.
GCL	2.01	0
GCL	4.27	1
GCL	6.03	0
GCL	8.29	1
GCL	9.30	0
GCL	10.05	3
GCL	11.56	1
GCL	13.07	2
GCL	13.82	0
GCL	14.32	2
GCL	15.08	4
GCL	15.83	2
GCL	16.58	0
GCL	17.34	3
GCL	17.84	10
GCL	18.59	9
GCL	19.35	10
GCL	20.10	25
GCL	20.85	34
GCL	21.61	40
GCL	22.36	42
GCL	23.37	51
GCL	24.37	95
GCL	25.13	93
GCL	25.88	115
GCL	26.63	127
GCL	27.39	142
GCL	27.89	166
GCL	28.64	182
GCL	29.40	219
GCL	30.15	265
GCL	30.90	282
GCL	31.41	291
GCL	32.16	365
GCL	32.91	412
GCL	33.67	430
GCL	34.42	509
GCL	35.18	537
GCL	35.93	583
GCL	36.43	710
GCL	37.19	748
GCL	37.94	813
GCL	38.69	933
GCL	39.45	903
GCL	40.20	949
GCL	40.95	1055
GCL	41.46	1141
GCL	42.21	1198
GCL	42.96	1290
GCL	43.72	1420
GCL	44.47	1667
GCL	44.97	1906
GCL	45.73	2291
GCL	46.48	2840
GCL	47.24	3523
GCL	47.99	4497
GCL	48.74	5656
GCL	49.50	7473
GCL	50.00	9239
GCL	50.75	11720
GCL	51.51	14343
GCL	52.26	17310
GCL	53.02	20952
GCL	53.77	24546
GCL	54.52	28309
GCL	55.03	32361
GCL	55.78	35621
GCL	56.53	40253
GCL	57.29	43590
GCL	58.04	47748
GCL	58.54	51296
GCL	59.30	54191
GCL	60.05	56898
GCL	60.80	59682
GCL	61.56	62919
GCL	62.31	64450
GCL	63.07	66400
GCL	63.57	66604
GCL	64.32	67190
GCL	65.08	65476
GCL	65.83	63421
GCL	66.58	59935
GCL	67.34	54913
GCL	68.09	50720
GCL	68.59	45912
GCL	69.35	40130
GCL	70.10	34477
GCL	70.85	28308
GCL	71.61	23159
GCL	72.11	19093
GCL	72.86	15309
GCL	73.62	12521
GCL	74.37	9582
GCL	75.13	7647
GCL	75.88	5815
GCL	76.63	4744
GCL	77.14	4153
GCL	77.89	3323
GCL	78.64	2894
GCL	79.40	2456
GCL	80.15	2147
GCL	80.90	1824
GCL	81.66	1430
GCL	82.16	1259
GCL	82.91	1020
GCL	83.67	797
GCL	84.42	612
GCL	85.18	440
GCL	85.68	401
GCL	86.43	307
GCL	87.19	264
GCL	87.94	162
GCL	88.69	155
GCL	89.45	138
GCL	90.20	95
GCL	90.70	68
GCL	91.46	64
GCL	92.21	49
GCL	92.96	38
GCL	93.72	27
GCL	94.47	30
GCL	95.23	11
GCL	95.73	17
GCL	96.48	6
GCL	97.24	5
GCL	97.99	2
GCL	98.74	1
GCL	99.50	5
# ACGT content per cycle. Use `grep ^GCC | cut -f 2-` to extract this part. The columns are: cycle; A,C,G,T base counts as a percentage of all A/C/G/T bases [%]; and N and O counts as a percentage of all A/C/G/T bases [%]
GCC	1	9.14	39.92	42.28	8.66	0.00	0.00
GCC	2	18.78	30.59	30.90	19.73	0.00	0.00
GCC	3	19.24	30.39	30.46	19.91	0.00	0.00
GCC	4	18.45	31.60	30.55	19.40	0.00	0.00
GCC	5	27.19	22.45	22.85	27.51	0.00	0.00
GCC	6	19.29	30.33	32.13	18.25	0.00	0.00
GCC	7	18.53	31.16	32.04	18.28	0.00	0.00
GCC	8	19.53	30.28	31.12	19.07	0.00	0.00
GCC	9	11.87	38.21	37.56	12.36	0.00	0.00
GCC	10	21.01	28.72	28.64	21.64	0.00	0.00
GCC	11	15.11	33.84	35.79	15.26	0.00	0.00
GCC	12	19.11	30.60	30.74	19.54	0.00	0.00
GCC	13	15.47	33.83	34.59	16.12	0.00	0.00
GCC	14	14.82	35.22	34.76	15.21	0.00	0.00
GCC	15	16.60	33.15	33.78	16.46	0.00	0.00
GCC	16	17.07	32.59	33.36	16.97	0.00	0.00
GCC	17	18.09	31.72	32.15	18.03	0.00	0.00
GCC	18	17.96	31.72	32.26	18.06	0.00	0.00
GCC	19	17.70	31.94	32.54	17.82	0.00	0.00
GCC	20	17.62	32.06	32.58	17.74	0.00	0.00
GCC	21	17.65	32.11	32.55	17.69	0.00	0.00
GCC	22	17.52	32.39	32.80	17.30	0.00	0.00
GCC	23	17.69	32.21	32.54	17.56	0.00	0.00
GCC	24	17.68	31.98	32.63	17.72	0.00	0.00
GCC	25	17.49	32.23	32.77	17.51	0.00	0.00
GCC	26	17.64	31.96	32.66	17.74	0.00	0.00
GCC	27	17.73	32.10	32.56	17.61	0.00	0.00
GCC	28	17.36	32.48	32.83	17.33	0.00	0.00
GCC	29	17.63	32.10	32.45	17.82	0.00	0.00
GCC	30	17.76	32.00	32.41	17.83	0.00	0.00
GCC	31	17.47	32.21	32.87	17.45	0.00	0.00
GCC	32	17.67	31.98	32.49	17.85	0.00	0.00
GCC	33	17.72	31.97	32.45	17.86	0.00	0.00
GCC	34	17.40	32.18	32.72	17.70	0.00	0.00
GCC	35	17.57	31.93	32.47	18.03	0.00	0.00
GCC	36	17.58	31.92	32.38	18.12	0.00	0.00
GCC	37	17.38	32.18	32.60	17.83	0.00	0.00
GCC	38	17.70	31.85	32.25	18.20	0.00	0.00
GCC	39	17.86	31.72	32.14	18.28	0.00	0.00
GCC	40	17.60	32.03	32.31	18.05	0.00	0.00
GCC	41	17.81	31.98	32.11	18.10	0.00	0.00
GCC	42	17.79	31.89	32.02	18.31	0.00	0.00
GCC	43	17.62	32.17	32.25	17.96	0.00	0.00
GCC	44	17.86	31.81	32.05	18.29	0.00	0.00
GCC	45	17.96	31.68	31.86	18.50	0.00	0.00
GCC	46	17.78	31.97	32.15	18.11	0.00	0.00
GCC	47	17.97	31.79	31.74	18.50	0.00	0.00
GCC	48	17.94	31.81	31.84	18.41	0.00	0.00
GCC	49	17.69	32.06	32.04	18.21	0.00	0.00
GCC	50	18.01	31.84	31.62	18.53	0.00	0.00
GCC	51	18.06	31.74	31.63	18.57	0.00	0.00
GCC	52	17.80	31.90	31.76	18.54	0.00	0.00
GCC	53	18.15	31.77	31.44	18.63	0.00	0.00
GCC	54	18.06	31.81	31.47	18.67	0.00	0.00
GCC	55	17.87	31.86	31.88	18.39	0.00	0.00
GCC	56	18.10	31.92	31.61	18.38	0.00	0.00
GCC	57	18.08	31.94	31.61	18.37	0.00	0.00
GCC	58	17.90	32.06	31.94	18.10	0.00	0.00
GCC	59	18.04	32.09	31.54	18.32	0.00	0.00
GCC	60	18.17	31.76	31.35	18.72	0.00	0.00
GCC	61	17.95	32.07	31.62	18.36	0.00	0.00
GCC	62	18.26	31.82	31.29	18.63	0.00	0.00
GCC	63	18.38	31.62	31.38	18.61	0.00	0.00
GCC	64	18.17	31.91	31.54	18.38	0.00	0.00
GCC	65	18.55	31.61	31.34	18.50	0.00	0.00
GCC	66	18.53	31.61	31.48	18.38	0.00	0.00
GCC	67	18.34	31.80	31.69	18.16	0.00	0.00
GCC	68	18.52	31.73	31.36	18.39	0.00	0.00
GCC	69	18.52	31.65	31.27	18.56	0.00	0.00
GCC	70	18.47	31.79	31.35	18.39	0.00	0.00
GCC	71	18.58	31.71	31.05	18.66	0.00	0.00
GCC	72	18.65	31.62	31.14	18.59	0.00	0.00
GCC	73	18.38	31.66	31.46	18.50	0.00	0.00
GCC	74	18.66	31.33	31.32	18.69	0.00	0.00
GCC	75	18.77	31.06	31.31	18.86	0.00	0.00
GCC	76	18.65	31.30	31.48	18.57	0.00	0.00
GCC	77	18.87	31.27	31.22	18.65	0.00	0.00
GCC	78	18.94	31.12	31.15	18.78	0.00	0.00
GCC	79	18.70	31.38	31.28	18.64	0.00	0.00
GCC	80	18.90	31.05	31.05	19.01	0.00	0.00
GCC	81	18.82	31.04	31.04	19.10	0.00	0.00
GCC	82	18.61	31.27	31.29	18.83	0.00	0.00
GCC	83	18.84	31.01	31.09	19.06	0.00	0.00
GCC	84	18.77	30.86	31.15	19.22	0.00	0.00
GCC	85	18.83	30.79	31.33	19.06	0.00	0.00
GCC	86	18.97	30.61	31.13	19.29	0.00	0.00
GCC	87	18.90	30.79	31.10	19.21	0.00	0.00
GCC	88	18.72	31.01	31.27	19.00	0.00	0.00
GCC	89	18.82	30.89	31.02	19.27	0.00	0.00
GCC	90	18.80	30.85	31.00	19.34	0.00	0.00
GCC	91	18.59	30.98	31.12	19.31	0.00	0.00
GCC	92	18.85	30.66	31.03	19.46	0.00	0.00
GCC	93	18.86	30.55	30.97	19.62	0.00	0.00
GCC	94	18.66	30.64	31.21	19.50	0.00	0.00
GCC	95	18.96	30.27	31.00	19.77	0.00	0.00
GCC	96	19.00	30.24	30.86	19.90	0.00	0.00
GCC	97	18.79	30.59	31.13	19.49	0.00	0.00
GCC	98	18.98	30.50	30.87	19.65	0.00	0.00
GCC	99	18.97	30.50	30.83	19.71	0.00	0.00
GCC	100	18.90	30.56	30.90	19.64	0.00	0.00
GCC	101	19.18	30.20	30.69	19.92	0.01	0.00
GCC	102	19.22	30.14	30.62	20.02	0.00	0.00
GCC	103	19.19	30.11	30.81	19.89	0.00	0.00
GCC	104	19.56	29.85	30.47	20.12	0.00	0.00
GCC	105	19.66	29.79	30.33	20.22	0.00	0.00
GCC	106	19.61	29.83	30.49	20.07	0.00	0.00
GCC	107	19.85	29.72	30.31	20.12	0.00	0.00
GCC	108	19.85	29.73	30.38	20.03	0.00	0.00
GCC	109	19.67	29.95	30.50	19.87	0.00	0.00
GCC	110	19.96	29.68	30.30	20.07	0.00	0.00
GCC	111	20.03	29.46	30.24	20.27	0.00	0.00
GCC	112	20.00	29.52	30.37	20.11	0.00	0.00
GCC	113	20.25	29.23	30.24	20.27	0.00	0.00
GCC	114	20.31	29.18	30.28	20.23	0.00	0.00
GCC	115	20.28	29.22	30.45	20.05	0.00	0.00
GCC	116	20.47	28.99	30.34	20.21	0.00	0.00
GCC	117	20.43	29.04	30.41	20.12	0.00	0.00
GCC	118	20.20	29.22	30.69	19.89	0.00	0.00
GCC	119	20.35	29.11	30.58	19.96	0.00	0.00
GCC	120	20.34	28.96	30.65	20.05	0.00	0.00
GCC	121	20.15	29.02	30.86	19.96	0.00	0.00
GCC	122	20.29	28.72	30.86	20.13	0.00	0.00
GCC	123	20.37	28.67	30.83	20.12	0.00	0.00
GCC	124	20.23	28.75	31.10	19.92	0.00	0.00
GCC	125	20.46	28.56	31.06	19.93	0.00	0.00
GCC	126	20.43	28.52	31.08	19.97	0.00	0.00
GCC	127	20.18	28.72	31.46	19.64	0.00	0.00
GCC	128	20.36	28.60	31.37	19.67	0.00	0.00
GCC	129	20.21	28.66	31.54	19.59	0.00	0.00
GCC	130	19.99	28.75	31.80	19.46	0.00	0.00
GCC	131	20.16	28.49	31.79	19.56	0.00	0.00
GCC	132	20.20	28.46	31.73	19.62	0.00	0.00
GCC	133	20.08	28.50	31.94	19.48	0.00	0.00
GCC	134	20.20	28.28	31.87	19.65	0.00	0.00
GCC	135	20.19	28.17	32.00	19.64	0.00	0.00
GCC	136	19.97	28.33	32.25	19.44	0.00	0.00
GCC	137	20.06	28.21	32.22	19.51	0.00	0.00
GCC	138	19.95	28.31	32.33	19.41	0.00	0.00
GCC	139	19.76	28.39	32.61	19.24	0.00	0.00
GCC	140	20.13	27.92	32.16	19.78	0.00	0.00
# ACGT content per cycle, read oriented. Use `grep ^GCT | cut -f 2-` to extract this part. The columns are: cycle; A,C,G,T base counts as a percentage of all A/C/G/T bases [%]
GCT	1	12.67	26.29	55.92	5.12
GCT	2	14.23	33.77	27.72	24.29
GCT	3	16.16	34.08	26.76	23.00
GCT	4	11.52	43.79	18.36	26.33
GCT	5	26.96	23.44	21.86	27.73
GCT	6	25.28	19.34	43.12	12.25
GCT	7	21.31	27.62	35.57	15.49
GCT	8	23.67	28.32	33.08	14.93
GCT	9	9.05	49.43	26.34	15.17
GCT	10	18.03	35.73	21.63	24.62
GCT	11	15.11	21.12	48.51	15.26
GCT	12	17.36	33.91	27.44	21.29
GCT	13	12.96	31.39	37.02	18.63
GCT	14	12.91	42.06	27.91	17.12
GCT	15	18.48	31.43	35.50	14.59
GCT	16	18.46	31.18	34.78	15.58
GCT	17	18.39	32.23	31.64	17.74
GCT	18	17.98	32.21	31.77	18.04
GCT	19	18.06	31.59	32.89	17.46
GCT	20	17.82	31.73	32.91	17.54
GCT	21	17.88	32.49	32.17	17.46
GCT	22	17.69	32.56	32.62	17.12
GCT	23	17.78	32.57	32.18	17.47
GCT	24	17.82	32.14	32.46	17.58
GCT	25	17.51	32.16	32.84	17.49
GCT	26	17.68	32.17	32.45	17.69
GCT	27	17.79	32.40	32.26	17.56
GCT	28	17.32	32.60	32.70	17.37
GCT	29	17.72	32.39	32.17	17.73
GCT	30	17.91	32.16	32.24	17.68
GCT	31	17.72	32.08	33.00	17.20
GCT	32	18.01	32.15	32.33	17.52
GCT	33	17.78	32.37	32.05	17.80
GCT	34	17.31	32.53	32.37	17.79
GCT	35	17.66	32.45	31.95	17.94
GCT	36	17.67	32.15	32.15	18.03
GCT	37	17.27	32.24	32.54	17.94
GCT	38	17.57	32.12	31.99	18.32
GCT	39	17.74	32.21	31.65	18.40
GCT	40	17.53	32.32	32.03	18.12
GCT	41	17.83	32.25	31.83	18.08
GCT	42	17.90	32.18	31.73	18.19
GCT	43	17.63	32.28	32.14	17.95
GCT	44	17.86	32.31	31.55	18.28
GCT	45	17.96	32.20	31.34	18.50
GCT	46	17.65	32.17	31.95	18.24
GCT	47	17.83	32.09	31.43	18.64
GCT	48	17.74	32.24	31.41	18.61
GCT	49	17.52	32.48	31.62	18.39
GCT	50	17.90	32.35	31.10	18.64
GCT	51	17.96	32.18	31.19	18.67
GCT	52	17.77	32.25	31.41	18.57
GCT	53	18.07	32.17	31.04	18.72
GCT	54	18.04	32.30	30.98	18.68
GCT	55	17.99	32.36	31.38	18.26
GCT	56	18.21	32.32	31.21	18.27
GCT	57	18.07	32.59	30.97	18.38
GCT	58	17.69	32.61	31.39	18.31
GCT	59	17.91	32.69	30.95	18.45
GCT	60	18.07	32.32	30.79	18.82
GCT	61	17.83	32.52	31.16	18.48
GCT	62	18.10	32.35	30.76	18.78
GCT	63	18.20	32.33	30.68	18.79
GCT	64	18.15	32.21	31.23	18.40
GCT	65	18.62	32.16	30.78	18.44
GCT	66	18.64	32.20	30.89	18.27
GCT	67	18.30	32.36	31.13	18.21
GCT	68	18.33	32.41	30.68	18.58
GCT	69	18.24	32.53	30.39	18.84
GCT	70	18.03	32.48	30.66	18.83
GCT	71	18.22	32.43	30.32	19.03
GCT	72	18.27	32.45	30.31	18.97
GCT	73	18.05	32.24	30.88	18.83
GCT	74	18.31	31.98	30.66	19.04
GCT	75	18.61	31.81	30.56	19.02
GCT	76	18.46	31.90	30.88	18.76
GCT	77	18.67	31.96	30.52	18.85
GCT	78	18.57	31.99	30.29	19.15
GCT	79	18.18	32.13	30.53	19.16
GCT	80	18.36	32.09	30.01	19.55
GCT	81	18.24	32.09	29.99	19.68
GCT	82	18.00	32.28	30.28	19.44
GCT	83	18.29	32.03	30.07	19.61
GCT	84	18.37	31.84	30.16	19.62
GCT	85	18.38	31.61	30.51	19.50
GCT	86	18.66	31.49	30.24	19.60
GCT	87	18.57	31.78	30.11	19.53
GCT	88	18.30	31.98	30.30	19.42
GCT	89	18.39	31.95	29.96	19.70
GCT	90	18.17	32.01	29.84	19.98
GCT	91	17.97	31.90	30.20	19.93
GCT	92	18.13	31.88	29.81	20.18
GCT	93	18.15	31.76	29.75	20.34
GCT	94	18.00	31.70	30.14	20.15
GCT	95	18.40	31.39	29.89	20.33
GCT	96	18.63	31.34	29.76	20.27
GCT	97	18.43	31.61	30.10	19.86
GCT	98	18.63	31.63	29.74	20.00
GCT	99	18.52	31.67	29.65	20.15
GCT	100	18.28	31.68	29.78	20.27
GCT	101	18.45	31.49	29.40	20.65
GCT	102	18.45	31.47	29.29	20.79
GCT	103	18.45	31.42	29.50	20.63
GCT	104	18.97	31.24	29.08	20.71
GCT	105	19.21	31.03	29.09	20.66
GCT	106	19.24	31.00	29.31	20.44
GCT	107	19.51	30.80	29.23	20.46
GCT	108	19.59	30.96	29.15	20.30
GCT	109	19.45	30.99	29.47	20.10
GCT	110	19.60	30.91	29.06	20.43
GCT	111	19.57	30.82	28.88	20.73
GCT	112	19.38	30.66	29.23	20.73
GCT	113	19.62	30.55	28.92	20.91
GCT	114	19.69	30.43	29.02	20.85
GCT	115	19.76	30.36	29.31	20.57
GCT	116	20.06	30.09	29.23	20.61
GCT	117	20.09	29.98	29.47	20.46
GCT	118	19.99	30.04	29.86	20.10
GCT	119	20.22	29.97	29.72	20.09
GCT	120	20.08	29.90	29.71	20.30
GCT	121	19.85	29.83	30.06	20.26
GCT	122	19.81	29.71	29.87	20.61
GCT	123	19.75	29.61	29.90	20.74
GCT	124	19.51	29.58	30.27	20.65
GCT	125	19.74	29.36	30.26	20.65
GCT	126	19.86	29.08	30.52	20.54
GCT	127	19.71	29.07	31.11	20.11
GCT	128	19.94	28.85	31.11	20.09
GCT	129	19.90	28.95	31.25	19.90
GCT	130	19.69	28.89	31.66	19.77
GCT	131	19.69	28.73	31.55	20.03
GCT	132	19.61	28.64	31.55	20.20
GCT	133	19.32	28.61	31.82	20.25
GCT	134	19.49	28.33	31.82	20.35
GCT	135	19.45	28.25	31.92	20.38
GCT	136	19.40	28.09	32.49	20.01
GCT	137	19.58	27.93	32.51	19.98
GCT	138	19.60	27.79	32.84	19.76
GCT	139	19.47	27.75	33.25	19.53
GCT	140	20.27	27.12	32.96	19.65
# ACGT content per cycle for first fragments. Use `grep ^FBC | cut -f 2-` to extract this part. The columns are: cycle; A,C,G,T base counts as a percentage of all A/C/G/T bases [%]; and N and O counts as a percentage of all A/C/G/T bases [%]
FBC	1	8.88	40.40	42.02	8.70	0.00	0.00
FBC	2	18.85	30.51	31.27	19.37	0.00	0.00
FBC	3	19.21	30.34	30.95	19.51	0.00	0.00
FBC	4	18.53	31.18	31.34	18.95	0.00	0.00
FBC	5	27.13	22.42	23.10	27.35	0.00	0.00
FBC	6	18.95	30.68	31.93	18.44	0.00	0.00
FBC	7	18.41	31.20	32.04	18.35	0.00	0.00
FBC	8	19.31	30.33	31.18	19.19	0.00	0.00
FBC	9	12.00	37.66	38.10	12.25	0.00	0.00
FBC	10	20.97	28.45	29.05	21.53	0.00	0.00
FBC	11	15.03	34.32	35.51	15.14	0.00	0.00
FBC	12	19.14	30.40	30.98	19.48	0.00	0.00
FBC	13	15.55	33.88	34.67	15.91	0.00	0.00
FBC	14	14.86	34.83	35.21	15.10	0.00	0.00
FBC	15	16.53	33.07	33.86	16.55	0.00	0.00
FBC	16	16.99	32.58	33.45	16.98	0.00	0.00
FBC	17	17.98	31.65	32.31	18.07	0.00	0.00
FBC	18	17.97	31.68	32.31	18.04	0.00	0.00
FBC	19	17.69	31.78	32.68	17.84	0.00	0.00
FBC	20	17.64	31.85	32.69	17.82	0.00	0.00
FBC	21	17.67	31.92	32.67	17.74	0.00	0.00
FBC	22	17.38	32.33	32.97	17.32	0.00	0.00
FBC	23	17.67	32.03	32.70	17.60	0.00	0.00
FBC	24	17.66	31.95	32.66	17.73	0.00	0.00
FBC	25	17.43	32.17	32.91	17.50	0.00	0.00
FBC	26	17.64	31.98	32.65	17.74	0.00	0.00
FBC	27	17.64	32.04	32.69	17.63	0.00	0.00
FBC	28	17.34	32.33	33.01	17.31	0.00	0.00
FBC	29	17.63	32.00	32.67	17.71	0.00	0.00
FBC	30	17.65	31.96	32.55	17.84	0.00	0.00
FBC	31	17.37	32.16	33.04	17.43	0.00	0.00
FBC	32	17.64	31.92	32.67	17.78	0.00	0.00
FBC	33	17.78	31.89	32.53	17.80	0.00	0.00
FBC	34	17.44	32.09	32.95	17.52	0.00	0.00
FBC	35	17.68	31.86	32.59	17.87	0.00	0.00
FBC	36	17.73	31.76	32.60	17.91	0.00	0.00
FBC	37	17.55	32.00	32.80	17.64	0.00	0.00
FBC	38	17.83	31.73	32.47	17.97	0.00	0.00
FBC	39	17.92	31.58	32.40	18.11	0.00	0.00
FBC	40	17.75	31.91	32.56	17.78	0.00	0.00
FBC	41	17.91	31.75	32.36	17.99	0.00	0.00
FBC	42	17.94	31.69	32.30	18.08	0.00	0.00
FBC	43	17.75	31.93	32.54	17.78	0.00	0.00
FBC	44	18.00	31.61	32.24	18.15	0.00	0.00
FBC	45	18.16	31.40	32.17	18.28	0.00	0.00
FBC	46	17.88	31.74	32.48	17.90	0.00	0.00
FBC	47	18.13	31.59	32.07	18.21	0.00	0.00
FBC	48	18.18	31.42	32.18	18.22	0.00	0.00
FBC	49	17.97	31.61	32.43	17.99	0.00	0.00
FBC	50	18.24	31.46	31.99	18.32	0.00	0.00
FBC	51	18.30	31.43	31.93	18.34	0.00	0.00
FBC	52	18.01	31.52	32.21	18.26	0.00	0.00
FBC	53	18.39	31.26	31.86	18.49	0.00	0.00
FBC	54	18.29	31.29	31.93	18.49	0.00	0.00
FBC	55	18.00	31.43	32.39	18.18	0.00	0.00
FBC	56	18.16	31.44	32.05	18.34	0.00	0.00
FBC	57	18.16	31.50	32.08	18.26	0.00	0.00
FBC	58	17.97	31.61	32.39	18.03	0.00	0.00
FBC	59	18.17	31.54	32.05	18.24	0.00	0.00
FBC	60	18.32	31.20	31.89	18.59	0.00	0.00
FBC	61	18.07	31.54	32.24	18.16	0.00	0.00
FBC	62	18.41	31.34	31.78	18.47	0.00	0.00
FBC	63	18.40	31.12	31.96	18.51	0.00	0.00
FBC	64	18.12	31.46	32.03	18.39	0.00	0.00
FBC	65	18.45	31.23	31.76	18.55	0.00	0.00
FBC	66	18.35	31.27	31.92	18.46	0.00	0.00
FBC	67	18.06	31.45	32.18	18.30	0.00	0.00
FBC	68	18.34	31.31	31.84	18.51	0.00	0.00
FBC	69	18.40	31.10	31.84	18.65	0.00	0.00
FBC	70	18.37	31.26	31.94	18.43	0.01	0.00
FBC	71	18.40	31.26	31.73	18.60	0.00	0.00
FBC	72	18.44	31.30	31.79	18.47	0.00	0.00
FBC	73	18.26	31.42	31.95	18.37	0.00	0.00
FBC	74	18.61	31.05	31.61	18.73	0.00	0.00
FBC	75	18.78	30.75	31.48	18.98	0.00	0.00
FBC	76	18.60	30.99	31.66	18.76	0.00	0.00
FBC	77	18.77	31.00	31.47	18.76	0.00	0.00
FBC	78	18.81	30.79	31.54	18.86	0.00	0.00
FBC	79	18.54	31.14	31.71	18.61	0.00	0.00
FBC	80	18.79	30.77	31.48	18.95	0.00	0.00
FBC	81	18.75	30.87	31.40	18.98	0.00	0.00
FBC	82	18.57	31.10	31.67	18.66	0.00	0.00
FBC	83	18.87	30.89	31.33	18.91	0.00	0.00
FBC	84	18.91	30.74	31.21	19.14	0.00	0.00
FBC	85	18.95	30.65	31.39	19.01	0.00	0.00
FBC	86	19.10	30.51	31.15	19.23	0.00	0.00
FBC	87	18.93	30.70	31.28	19.09	0.00	0.00
FBC	88	18.71	30.90	31.62	18.77	0.00	0.00
FBC	89	18.80	30.76	31.39	19.05	0.01	0.00
FBC	90	18.81	30.69	31.40	19.10	0.01	0.00
FBC	91	18.66	30.90	31.42	19.02	0.00	0.00
FBC	92	18.94	30.68	31.29	19.09	0.00	0.00
FBC	93	19.05	30.58	31.16	19.21	0.00	0.00
FBC	94	18.92	30.74	31.33	19.01	0.00	0.00
FBC	95	19.21	30.41	31.05	19.33	0.00	0.00
FBC	96	19.21	30.34	30.98	19.46	0.00	0.00
FBC	97	18.92	30.73	31.34	19.01	0.00	0.00
FBC	98	19.03	30.63	31.12	19.23	0.00	0.00
FBC	99	19.07	30.52	31.14	19.27	0.01	0.00
FBC	100	19.04	30.54	31.20	19.22	0.00	0.00
FBC	101	19.32	30.27	30.92	19.48	0.01	0.00
FBC	102	19.38	30.20	30.87	19.55	0.00	0.00
FBC	103	19.28	30.32	31.00	19.40	0.00	0.00
FBC	104	19.57	30.07	30.73	19.63	0.00	0.00
FBC	105	19.62	29.99	30.61	19.77	0.00	0.00
FBC	106	19.59	30.01	30.73	19.67	0.00	0.00
FBC	107	19.84	29.86	30.50	19.80	0.00	0.00
FBC	108	19.84	29.87	30.51	19.77	0.00	0.00
FBC	109	19.63	30.09	30.67	19.61	0.00	0.00
FBC	110	19.92	29.77	30.44	19.87	0.00	0.00
FBC	111	20.03	29.55	30.34	20.08	0.00	0.00
FBC	112	19.90	29.70	30.41	19.98	0.00	0.00
FBC	113	20.18	29.48	30.13	20.21	0.00	0.00
FBC	114	20.15	29.49	30.14	20.22	0.00	0.00
FBC	115	20.12	29.52	30.29	20.08	0.00	0.00
FBC	116	20.23	29.34	30.06	20.36	0.00	0.00
FBC	117	20.19	29.40	30.14	20.28	0.00	0.00
FBC	118	19.92	29.65	30.45	19.98	0.00	0.00
FBC	119	20.07	29.57	30.30	20.06	0.00	0.00
FBC	120	20.10	29.48	30.23	20.19	0.01	0.00
FBC	121	19.89	29.59	30.43	20.09	0.00	0.00
FBC	122	20.12	29.26	30.38	20.25	0.00	0.00
FBC	123	20.16	29.34	30.20	20.30	0.00	0.00
FBC	124	20.03	29.48	30.34	20.15	0.00	0.00
FBC	125	20.25	29.34	30.23	20.19	0.00	0.00
FBC	126	20.14	29.35	30.23	20.28	0.00	0.00
FBC	127	19.86	29.61	30.57	19.96	0.00	0.00
FBC	128	20.02	29.63	30.40	19.95	0.00	0.00
FBC	129	19.83	29.74	30.63	19.80	0.00	0.00
FBC	130	19.57	29.90	30.88	19.66	0.00	0.00
FBC	131	19.75	29.68	30.76	19.81	0.00	0.00
FBC	132	19.82	29.70	30.59	19.89	0.00	0.00
FBC	133	19.68	29.77	30.74	19.81	0.00	0.00
FBC	134	19.87	29.60	30.59	19.94	0.00	0.00
FBC	135	19.82	29.61	30.58	20.00	0.00	0.00
FBC	136	19.66	29.77	30.83	19.75	0.00	0.00
FBC	137	19.71	29.71	30.79	19.79	0.00	0.00
FBC	138	19.62	29.87	30.88	19.63	0.00	0.00
FBC	139	19.39	30.06	31.10	19.45	0.00	0.00
FBC	140	19.12	30.23	31.47	19.18	0.00	0.00
# ACGT raw counters for first fragments. Use `grep ^FTC | cut -f 2-` to extract this part. The columns are: A,C,G,T,N base counters
FTC	38761571	64473035	65969603	38988648	2123
# ACGT content per cycle for last fragments. Use `grep ^LBC | cut -f 2-` to extract this part. The columns are: cycle; A,C,G,T base counts as a percentage of all A/C/G/T bases [%]; and N and O counts as a percentage of all A/C/G/T bases [%]
LBC	1	9.39	39.45	42.55	8.62	0.00	0.00
LBC	2	18.72	30.67	30.52	20.09	0.00	0.00
LBC	3	19.27	30.43	29.97	20.32	0.00	0.00
LBC	4	18.37	32.02	29.77	19.85	0.00	0.00
LBC	5	27.24	22.49	22.60	27.67	0.00	0.00
LBC	6	19.63	29.98	32.34	18.05	0.00	0.00
LBC	7	18.64	31.13	32.03	18.20	0.00	0.00
LBC	8	19.76	30.23	31.06	18.95	0.00	0.00
LBC	9	11.74	38.76	37.02	12.47	0.00	0.00
LBC	10	21.05	28.99	28.22	21.75	0.00	0.00
LBC	11	15.19	33.36	36.08	15.37	0.00	0.00
LBC	12	19.09	30.80	30.50	19.61	0.00	0.00
LBC	13	15.38	33.77	34.51	16.33	0.00	0.00
LBC	14	14.78	35.60	34.31	15.31	0.00	0.00
LBC	15	16.68	33.23	33.71	16.38	0.01	0.00
LBC	16	17.15	32.60	33.28	16.96	0.00	0.00
LBC	17	18.21	31.80	32.00	18.00	0.00	0.00
LBC	18	17.95	31.76	32.21	18.09	0.00	0.00
LBC	19	17.71	32.09	32.40	17.80	0.00	0.00
LBC	20	17.60	32.26	32.47	17.67	0.00	0.00
LBC	21	17.63	32.30	32.42	17.64	0.00	0.00
LBC	22	17.65	32.44	32.63	17.27	0.00	0.00
LBC	23	17.71	32.39	32.37	17.52	0.00	0.00
LBC	24	17.69	32.01	32.59	17.71	0.00	0.00
LBC	25	17.55	32.30	32.63	17.52	0.00	0.00
LBC	26	17.64	31.95	32.67	17.74	0.00	0.00
LBC	27	17.83	32.16	32.43	17.58	0.00	0.00
LBC	28	17.38	32.62	32.64	17.35	0.00	0.00
LBC	29	17.63	32.21	32.23	17.93	0.00	0.00
LBC	30	17.88	32.03	32.27	17.82	0.00	0.00
LBC	31	17.58	32.25	32.70	17.48	0.00	0.00
LBC	32	17.71	32.05	32.32	17.92	0.00	0.00
LBC	33	17.65	32.06	32.37	17.93	0.00	0.00
LBC	34	17.35	32.28	32.48	17.89	0.00	0.00
LBC	35	17.46	32.00	32.36	18.19	0.00	0.00
LBC	36	17.43	32.07	32.16	18.33	0.00	0.00
LBC	37	17.22	32.37	32.39	18.02	0.00	0.00
LBC	38	17.57	31.98	32.03	18.42	0.00	0.00
LBC	39	17.80	31.86	31.88	18.46	0.00	0.00
LBC	40	17.46	32.16	32.07	18.32	0.00	0.00
LBC	41	17.71	32.21	31.86	18.22	0.00	0.00
LBC	42	17.63	32.10	31.73	18.54	0.00	0.00
LBC	43	17.49	32.41	31.96	18.14	0.00	0.00
LBC	44	17.71	32.00	31.86	18.43	0.00	0.00
LBC	45	17.76	31.97	31.55	18.72	0.00	0.00
LBC	46	17.67	32.20	31.82	18.31	0.00	0.00
LBC	47	17.81	31.98	31.41	18.79	0.00	0.00
LBC	48	17.69	32.21	31.49	18.60	0.00	0.00
LBC	49	17.41	32.50	31.65	18.44	0.00	0.00
LBC	50	17.78	32.22	31.25	18.75	0.00	0.00
LBC	51	17.82	32.05	31.34	18.80	0.00	0.00
LBC	52	17.59	32.28	31.31	18.82	0.00	0.00
LBC	53	17.92	32.27	31.03	18.78	0.00	0.00
LBC	54	17.83	32.33	31.01	18.84	0.00	0.00
LBC	55	17.74	32.29	31.37	18.60	0.00	0.00
LBC	56	18.04	32.39	31.16	18.41	0.00	0.00
LBC	57	18.00	32.38	31.15	18.48	0.00	0.00
LBC	58	17.82	32.51	31.50	18.17	0.00	0.00
LBC	59	17.92	32.65	31.04	18.40	0.00	0.00
LBC	60	18.02	32.32	30.81	18.85	0.00	0.00
LBC	61	17.84	32.60	31.00	18.57	0.00	0.00
LBC	62	18.10	32.30	30.80	18.79	0.00	0.00
LBC	63	18.37	32.13	30.80	18.70	0.00	0.00
LBC	64	18.23	32.35	31.05	18.37	0.00	0.00
LBC	65	18.66	31.98	30.91	18.45	0.00	0.00
LBC	66	18.71	31.95	31.04	18.30	0.00	0.00
LBC	67	18.63	32.15	31.20	18.02	0.00	0.00
LBC	68	18.69	32.15	30.89	18.27	0.00	0.00
LBC	69	18.64	32.20	30.69	18.46	0.00	0.00
LBC	70	18.57	32.33	30.76	18.35	0.00	0.00
LBC	71	18.77	32.15	30.37	18.72	0.00	0.00
LBC	72	18.86	31.94	30.48	18.71	0.00	0.00
LBC	73	18.49	31.89	30.98	18.64	0.00	0.00
LBC	74	18.71	31.61	31.02	18.66	0.00	0.00
LBC	75	18.75	31.38	31.13	18.75	0.00	0.00
LBC	76	18.71	31.61	31.31	18.38	0.00	0.00
LBC	77	18.97	31.53	30.96	18.54	0.00	0.00
LBC	78	19.07	31.46	30.76	18.71	0.00	0.00
LBC	79	18.87	31.61	30.86	18.66	0.00	0.00
LBC	80	19.00	31.32	30.62	19.07	0.00	0.00
LBC	81	18.90	31.21	30.68	19.21	0.00	0.00
LBC	82	18.65	31.43	30.91	19.01	0.00	0.00
LBC	83	18.81	31.13	30.85	19.21	0.00	0.00
LBC	84	18.64	30.98	31.08	19.30	0.00	0.00
LBC	85	18.70	30.93	31.26	19.10	0.00	0.00
LBC	86	18.84	30.70	31.11	19.35	0.00	0.00
LBC	87	18.87	30.89	30.92	19.32	0.00	0.00
LBC	88	18.72	31.12	30.92	19.23	0.00	0.00
LBC	89	18.84	31.02	30.65	19.49	0.00	0.00
LBC	90	18.79	31.01	30.61	19.59	0.00	0.00
LBC	91	18.52	31.07	30.82	19.59	0.00	0.00
LBC	92	18.77	30.64	30.77	19.82	0.00	0.00
LBC	93	18.68	30.51	30.77	20.04	0.00	0.00
LBC	94	18.40	30.53	31.09	19.99	0.00	0.00
LBC	95	18.71	30.13	30.96	20.20	0.00	0.00
LBC	96	18.78	30.14	30.75	20.33	0.00	0.00
LBC	97	18.66	30.44	30.92	19.98	0.00	0.00
LBC	98	18.94	30.38	30.62	20.06	0.00	0.00
LBC	99	18.87	30.47	30.51	20.14	0.00	0.00
LBC	100	18.76	30.58	30.60	20.07	0.00	0.00
LBC	101	19.04	30.14	30.46	20.36	0.00	0.00
LBC	102	19.05	30.09	30.36	20.50	0.00	0.00
LBC	103	19.10	29.90	30.61	20.38	0.00	0.00
LBC	104	19.55	29.63	30.22	20.60	0.00	0.00
LBC	105	19.69	29.60	30.05	20.66	0.00	0.00
LBC	106	19.63	29.65	30.25	20.47	0.00	0.00
LBC	107	19.86	29.58	30.12	20.44	0.00	0.00
LBC	108	19.86	29.59	30.25	20.30	0.00	0.00
LBC	109	19.71	29.82	30.33	20.14	0.00	0.00
LBC	110	20.00	29.58	30.15	20.27	0.00	0.00
LBC	111	20.03	29.38	30.14	20.45	0.00	0.00
LBC	112	20.10	29.33	30.33	20.23	0.00	0.00
LBC	113	20.32	28.99	30.36	20.33	0.00	0.00
LBC	114	20.47	28.86	30.42	20.25	0.00	0.00
LBC	115	20.43	28.93	30.61	20.03	0.00	0.00
LBC	116	20.70	28.63	30.62	20.05	0.00	0.00
LBC	117	20.67	28.68	30.68	19.96	0.00	0.00
LBC	118	20.49	28.79	30.93	19.80	0.00	0.00
LBC	119	20.63	28.66	30.86	19.85	0.00	0.00
LBC	120	20.57	28.45	31.07	19.91	0.00	0.00
LBC	121	20.42	28.46	31.29	19.83	0.00	0.00
LBC	122	20.47	28.17	31.34	20.02	0.00	0.00
LBC	123	20.58	28.01	31.47	19.94	0.00	0.00
LBC	124	20.44	28.01	31.86	19.70	0.00	0.00
LBC	125	20.67	27.77	31.89	19.67	0.00	0.00
LBC	126	20.71	27.69	31.92	19.67	0.00	0.00
LBC	127	20.49	27.83	32.36	19.33	0.00	0.00
LBC	128	20.69	27.57	32.34	19.40	0.00	0.00
LBC	129	20.59	27.58	32.44	19.38	0.00	0.00
LBC	130	20.42	27.60	32.72	19.26	0.00	0.00
LBC	131	20.56	27.31	32.81	19.32	0.00	0.00
LBC	132	20.57	27.23	32.86	19.35	0.00	0.00
LBC	133	20.49	27.22	33.14	19.16	0.00	0.00
LBC	134	20.53	26.97	33.15	19.36	0.00	0.00
LBC	135	20.57	26.74	33.41	19.29	0.00	0.00
LBC	136	20.29	26.90	33.67	19.13	0.00	0.00
LBC	137	20.40	26.71	33.66	19.23	0.00	0.00
LBC	138	20.29	26.75	33.77	19.19	0.00	0.00
LBC	139	20.12	26.72	34.12	19.04	0.00	0.00
LBC	140	21.15	25.61	32.85	20.39	0.00	0.00
# ACGT raw counters for last fragments. Use `grep ^LTC | cut -f 2-` to extract this part. The columns are: A,C,G,T,N base counters
LTC	38940781	64201950	65726609	39324832	808
# Insert sizes. Use `grep ^IS | cut -f 2-` to extract this part. The columns are: insert size, pairs total, inward oriented pairs, outward oriented pairs, other pairs
IS	0	0	0	0	0
IS	1	0	0	0	0
IS	2	8	0	8	0
IS	3	7	0	6	1
IS	4	13	0	12	1
IS	5	4	0	4	0
IS	6	4	0	4	0
IS	7	2	0	1	1
IS	8	5	0	5	0
IS	9	3	0	3	0
IS	10	7	0	6	1
IS	11	2	0	2	0
IS	12	2	0	2	0
IS	13	2	0	2	0
IS	14	2	0	2	0
IS	15	3	0	3	0
IS	16	7	0	6	1
IS	17	3	0	3	0
IS	18	7	0	7	0
IS	19	314	143	171	0
IS	20	147	66	80	1
IS	21	81	36	45	0
IS	22	48	19	29	0
IS	23	50	22	28	0
IS	24	48	22	26	0
IS	25	76	40	36	0
IS	26	78	37	41	0
IS	27	78	27	50	1
IS	28	104	37	65	2
IS	29	104	47	57	0
IS	30	83	34	49	0
IS	31	88	39	48	1
IS	32	118	46	72	0
IS	33	106	49	55	2
IS	34	137	61	76	0
IS	35	146	65	81	0
IS	36	139	56	81	2
IS	37	124	46	77	1
IS	38	138	59	77	2
IS	39	167	79	87	1
IS	40	198	74	122	2
IS	41	265	111	152	2
IS	42	345	132	213	0
IS	43	548	225	322	1
IS	44	631	254	372	5
IS	45	679	269	408	2
IS	46	564	216	341	7
IS	47	474	210	263	1
IS	48	469	192	273	4
IS	49	602	234	359	9
IS	50	692	264	425	3
IS	51	934	397	534	3
IS	52	1201	511	685	5
IS	53	1351	558	791	2
IS	54	1666	659	997	10
IS	55	1818	740	1068	10
IS	56	1663	652	1003	8
IS	57	1437	564	872	1
IS	58	1306	557	742	7
IS	59	1464	614	836	14
IS	60	1820	664	974	182
IS	61	2173	896	1240	37
IS	62	2392	939	1437	16
IS	63	3185	1221	1958	6
IS	64	4912	1375	2168	1369
IS	65	4389	1561	2612	216
IS	66	4356	1656	2660	40
IS	67	3719	1355	2345	19
IS	68	3738	1381	2340	17
IS	69	3281	1254	2015	12
IS	70	3718	1406	2302	10
IS	71	4317	1583	2725	9
IS	72	5105	1872	3217	16
IS	73	6161	2293	3841	27
IS	74	6708	2463	4220	25
IS	75	7026	2676	4332	18
IS	76	6527	2395	4114	18
IS	77	5772	2191	3559	22
IS	78	4739	1772	2942	25
IS	79	4092	1620	2446	26
IS	80	3912	1561	2312	39
IS	81	4449	1718	2703	28
IS	82	5407	2164	3210	33
IS	83	6211	2436	3743	32
IS	84	7230	2728	4470	32
IS	85	7427	2853	4547	27
IS	86	7333	2819	4473	41
IS	87	6681	2591	4056	34
IS	88	5642	2185	3423	34
IS	89	4771	1880	2865	26
IS	90	4310	1729	2539	42
IS	91	4338	1799	2503	36
IS	92	5233	2047	3149	37
IS	93	6211	2400	3774	37
IS	94	7261	2830	4392	39
IS	95	7649	2945	4673	31
IS	96	7743	2994	4720	29
IS	97	7327	2824	4472	31
IS	98	6340	2527	3782	31
IS	99	5482	2253	3182	47
IS	100	4636	1834	2762	40
IS	101	4599	1922	2641	36
IS	102	5232	2125	3073	34
IS	103	6193	2455	3697	41
IS	104	7035	2821	4183	31
IS	105	7851	3141	4665	45
IS	106	8145	3243	4875	27
IS	107	7886	3193	4655	38
IS	108	7218	2889	4296	33
IS	109	6258	2550	3674	34
IS	110	5274	2169	3066	39
IS	111	4893	2004	2850	39
IS	112	5281	2205	3038	38
IS	113	5762	2333	3386	43
IS	114	6676	2767	3864	45
IS	115	7628	3148	4437	43
IS	116	8153	3321	4791	41
IS	117	7878	3315	4521	42
IS	118	7507	3176	4295	36
IS	119	6564	2754	3770	40
IS	120	5896	2503	3355	38
IS	121	5179	2222	2918	39
IS	122	5018	2150	2826	42
IS	123	5430	2342	3042	46
IS	124	6237	2766	3436	35
IS	125	7141	3042	4062	37
IS	126	7570	3270	4270	30
IS	127	7741	3395	4315	31
IS	128	7494	3201	4246	47
IS	129	6858	2978	3838	42
IS	130	6176	2707	3433	36
IS	131	5465	2399	3013	53
IS	132	5059	2220	2796	43
IS	133	5165	2294	2833	38
IS	134	5695	2499	3154	42
IS	135	6503	2819	3659	25
IS	136	7028	2990	4003	35
IS	137	7501	3149	4305	47
IS	138	7433	2843	4551	39
IS	139	7007	855	6110	42
IS	140	6232	3377	2813	42
IS	141	5514	5465	6	43
IS	142	5163	5124	2	37
IS	143	5084	5050	3	31
IS	144	5269	5226	0	43
IS	145	5914	5876	2	36
IS	146	6605	6572	1	32
IS	147	6947	6913	1	33
IS	148	7015	6980	1	34
IS	149	6819	6785	0	34
IS	150	6301	6254	0	47
IS	151	5800	5762	1	37
IS	152	5145	5109	0	36
IS	153	5006	4956	1	49
IS	154	4991	4952	2	37
IS	155	5409	5371	0	38
IS	156	6103	6059	0	44
IS	157	6322	6288	1	33
IS	158	6746	6691	1	54
IS	159	6563	6516	1	46
IS	160	6288	6240	1	47
IS	161	5788	5735	1	52
IS	162	5257	5213	2	42
IS	163	4808	4768	0	40
IS	164	4814	4770	2	42
IS	165	4890	4845	0	45
IS	166	5457	5412	1	44
IS	167	5798	5750	0	48
IS	168	6144	6107	1	36
IS	169	6129	6096	0	33
IS	170	5986	5947	2	37
IS	171	5642	5602	1	39
IS	172	5095	5062	0	33
IS	173	4705	4661	0	44
IS	174	4593	4556	0	37
IS	175	4661	4617	1	43
IS	176	4859	4824	0	35
IS	177	5220	5176	0	44
IS	178	5649	5607	1	41
IS	179	5728	5671	0	57
IS	180	5635	5594	0	41
IS	181	5472	5440	1	31
IS	182	4942	4885	2	55
IS	183	4579	4533	0	46
IS	184	4492	4446	0	46
IS	185	4242	4193	0	49
IS	186	4610	4568	1	41
IS	187	4778	4737	0	41
IS	188	5125	5091	1	33
IS	189	5274	5238	0	36
IS	190	5247	5198	0	49
IS	191	5189	5153	0	36
IS	192	4908	4872	0	36
IS	193	4354	4316	2	36
IS	194	4220	4183	0	37
IS	195	4095	4057	0	38
IS	196	4224	4177	0	47
IS	197	4295	4247	0	48
IS	198	4582	4546	0	36
IS	199	4625	4576	0	49
IS	200	4821	4793	0	28
IS	201	4743	4695	0	48
IS	202	4530	4480	1	49
IS	203	4311	4269	2	40
IS	204	4183	4133	0	50
IS	205	3802	3765	0	37
IS	206	3939	3885	0	54
IS	207	3934	3887	0	47
IS	208	4055	4015	0	40
IS	209	4274	4232	0	42
IS	210	4486	4446	1	39
IS	211	4456	4404	0	52
IS	212	4311	4278	1	32
IS	213	4077	4031	1	45
IS	214	3782	3748	0	34
IS	215	3692	3647	1	44
IS	216	3572	3535	0	37
IS	217	3656	3613	0	43
IS	218	3576	3535	2	39
IS	219	3877	3838	1	38
IS	220	3972	3921	0	51
IS	221	3972	3922	0	50
IS	222	3877	3834	0	43
IS	223	3950	3915	0	35
IS	224	3657	3623	1	33
IS	225	3422	3381	0	41
IS	226	3338	3297	0	41
IS	227	3268	3236	0	32
IS	228	3496	3446	0	50
IS	229	3491	3441	0	50
IS	230	3641	3609	0	32
IS	231	3650	3623	1	26
IS	232	3645	3602	1	42
IS	233	3706	3670	1	35
IS	234	3509	3463	0	46
IS	235	3287	3247	0	40
IS	236	3252	3220	1	31
IS	237	3027	2980	1	46
IS	238	3033	3007	0	26
IS	239	3168	3132	0	36
IS	240	3247	3220	0	27
IS	241	3207	3171	0	36
IS	242	3297	3248	0	49
IS	243	3393	3350	0	43
IS	244	3251	3218	0	33
IS	245	3058	3019	1	38
IS	246	2974	2939	0	35
IS	247	2926	2872	1	53
IS	248	2848	2814	1	33
IS	249	2806	2764	1	41
IS	250	2865	2825	0	40
IS	251	3001	2960	0	41
IS	252	2902	2858	1	43
IS	253	2971	2938	0	33
IS	254	2882	2836	0	46
IS	255	2823	2783	0	40
IS	256	2773	2740	0	33
IS	257	2628	2598	1	29
IS	258	2658	2623	1	34
IS	259	2597	2555	0	42
IS	260	2702	2657	1	44
IS	261	2582	2545	0	37
IS	262	2705	2670	0	35
IS	263	2646	2618	0	28
IS	264	2679	2650	0	29
IS	265	2575	2539	1	35
IS	266	2441	2404	1	36
IS	267	2478	2447	0	31
IS	268	2423	2385	0	38
IS	269	2379	2350	0	29
IS	270	2355	2330	0	25
IS	271	2332	2295	0	37
IS	272	2342	2299	0	43
IS	273	2419	2380	0	39
IS	274	2354	2314	0	40
IS	275	2360	2333	0	27
IS	276	2344	2324	0	20
IS	277	2180	2160	0	20
IS	278	2182	2145	3	34
IS	279	2207	2176	1	30
IS	280	2197	2159	0	38
IS	281	2125	2090	1	34
IS	282	2159	2125	0	34
IS	283	2126	2082	1	43
IS	284	2206	2177	0	29
IS	285	2248	2205	0	43
IS	286	2166	2132	0	34
IS	287	2041	2009	1	31
IS	288	1907	1872	1	34
IS	289	1940	1905	0	35
IS	290	1967	1931	0	36
IS	291	1927	1897	0	30
IS	292	1963	1930	0	33
IS	293	2025	1999	0	26
IS	294	2006	1970	2	34
IS	295	1949	1926	0	23
IS	296	1884	1853	0	31
IS	297	1833	1803	0	30
IS	298	1852	1823	0	29
IS	299	1821	1785	0	36
IS	300	1665	1634	0	31
IS	301	1778	1751	0	27
IS	302	1797	1752	2	43
IS	303	1665	1637	0	28
IS	304	1777	1751	0	26
IS	305	1858	1829	0	29
IS	306	1735	1708	0	27
IS	307	1739	1706	0	33
IS	308	1680	1650	0	30
IS	309	1647	1613	0	34
IS	310	1605	1584	0	21
IS	311	1533	1500	0	33
IS	312	1653	1623	0	30
IS	313	1567	1536	0	31
IS	314	1605	1574	0	31
IS	315	1555	1526	0	29
IS	316	1611	1580	0	31
IS	317	1610	1581	0	29
IS	318	1535	1509	1	25
IS	319	1515	1486	0	29
IS	320	1539	1507	0	32
IS	321	1457	1420	0	37
IS	322	1417	1383	0	34
IS	323	1454	1427	0	27
IS	324	1404	1374	0	30
IS	325	1440	1410	0	30
IS	326	1419	1394	1	24
IS	327	1476	1446	0	30
IS	328	1392	1360	0	32
IS	329	1360	1336	0	24
IS	330	1413	1381	0	32
IS	331	1363	1335	0	28
IS	332	1325	1288	0	37
IS	333	1373	1346	0	27
IS	334	1264	1238	0	26
IS	335	1341	1311	0	30
IS	336	1280	1251	1	28
IS	337	1352	1320	0	32
IS	338	1248	1231	0	17
IS	339	1278	1244	1	33
IS	340	1194	1172	1	21
IS	341	1162	1139	1	22
IS	342	1216	1189	0	27
IS	343	1208	1178	0	30
IS	344	1199	1170	1	28
IS	345	1171	1155	0	16
IS	346	1123	1094	0	29
IS	347	1195	1168	0	27
IS	348	1178	1152	0	26
IS	349	1101	1075	0	26
IS	350	1215	1173	1	41
IS	351	1183	1163	0	20
IS	352	1063	1036	0	27
IS	353	1055	1032	1	22
IS	354	1034	1013	1	20
IS	355	1041	1014	0	27
IS	356	1039	1010	1	28
IS	357	1043	1025	0	18
IS	358	1056	1030	0	26
IS	359	1080	1048	0	32
IS	360	1003	984	0	19
IS	361	973	947	1	25
IS	362	962	931	0	31
IS	363	968	949	0	19
IS	364	969	941	0	28
IS	365	950	925	0	25
IS	366	969	947	0	22
IS	367	910	889	1	20
IS	368	958	941	0	17
IS	369	932	909	0	23
IS	370	966	931	1	34
IS	371	882	846	0	36
IS	372	854	829	0	25
IS	373	860	829	1	30
IS	374	878	864	0	14
IS	375	822	800	1	21
IS	376	871	853	1	17
IS	377	848	828	0	20
IS	378	832	804	0	28
IS	379	812	783	0	29
IS	380	841	823	0	18
IS	381	803	779	2	22
IS	382	747	719	0	28
IS	383	809	782	0	27
IS	384	763	733	0	30
IS	385	815	796	0	19
IS	386	726	703	0	23
IS	387	826	798	1	27
IS	388	723	695	0	28
IS	389	718	700	0	18
IS	390	794	770	0	24
IS	391	738	723	0	15
IS	392	711	690	1	20
IS	393	714	692	0	22
IS	394	680	654	0	26
IS	395	709	685	0	24
IS	396	712	692	1	19
IS	397	702	677	1	24
IS	398	655	630	0	25
IS	399	651	631	0	20
IS	400	676	655	0	21
IS	401	690	662	0	28
IS	402	694	674	0	20
IS	403	633	604	1	28
IS	404	673	652	0	21
IS	405	611	591	0	20
IS	406	586	558	0	28
IS	407	653	626	2	25
IS	408	617	598	0	19
IS	409	648	623	0	25
IS	410	600	585	0	15
IS	411	576	554	1	21
IS	412	592	570	0	22
IS	413	559	534	2	23
IS	414	544	523	0	21
IS	415	560	545	0	15
IS	416	525	504	1	20
IS	417	542	522	0	20
IS	418	564	543	0	21
IS	419	553	531	0	22
IS	420	573	552	2	19
IS	421	532	509	0	23
IS	422	524	508	0	16
IS	423	527	504	0	23
IS	424	515	499	0	16
IS	425	547	535	0	12
IS	426	501	475	1	25
IS	427	538	516	0	22
IS	428	513	491	0	22
IS	429	514	487	0	27
IS	430	490	465	0	25
IS	431	489	470	0	19
IS	432	480	469	0	11
IS	433	483	454	0	29
IS	434	490	474	0	16
IS	435	453	431	1	21
IS	436	465	454	0	11
IS	437	485	466	0	19
IS	438	444	431	0	13
IS	439	447	420	0	27
IS	440	435	420	1	14
IS	441	393	378	0	15
IS	442	429	395	0	34
IS	443	432	405	1	26
IS	444	437	423	0	14
IS	445	388	377	0	11
IS	446	407	394	0	13
IS	447	390	377	0	13
IS	448	422	403	0	19
IS	449	392	373	0	19
IS	450	398	384	0	14
IS	451	417	398	1	18
IS	452	388	367	0	21
IS	453	354	339	0	15
IS	454	368	349	0	19
IS	455	406	395	0	11
IS	456	360	338	0	22
IS	457	358	343	0	15
IS	458	349	335	0	14
IS	459	367	344	0	23
IS	460	369	352	0	17
IS	461	365	338	0	27
IS	462	379	357	1	21
IS	463	372	352	0	20
IS	464	328	305	0	23
IS	465	351	329	0	22
IS	466	339	320	0	19
IS	467	347	321	0	26
IS	468	331	312	1	18
IS	469	334	321	0	13
IS	470	329	307	0	22
IS	471	342	327	0	15
IS	472	290	282	1	7
IS	473	305	288	0	17
IS	474	328	310	1	17
IS	475	274	254	1	19
IS	476	284	269	0	15
IS	477	304	291	0	13
IS	478	358	337	0	21
IS	479	314	288	1	25
IS	480	266	251	0	15
IS	481	274	254	0	20
IS	482	300	284	0	16
IS	483	287	265	0	22
IS	484	293	278	0	15
IS	485	288	265	0	23
IS	486	254	233	1	20
IS	487	257	230	0	27
IS	488	263	251	0	12
IS	489	255	241	0	14
IS	490	242	229	1	12
IS	491	240	220	0	20
IS	492	246	232	0	14
IS	493	236	220	0	16
IS	494	243	227	1	15
IS	495	253	233	1	19
IS	496	222	209	0	13
IS	497	209	192	0	17
IS	498	251	236	0	15
IS	499	242	225	0	17
IS	500	247	235	0	12
IS	501	224	208	0	16
IS	502	226	216	0	10
IS	503	210	189	0	21
IS	504	227	206	0	21
IS	505	223	206	0	17
IS	506	227	212	0	15
IS	507	218	203	0	15
IS	508	208	193	0	15
IS	509	206	193	0	13
IS	510	202	191	0	11
IS	511	217	205	1	11
IS	512	185	171	0	14
IS	513	221	205	0	16
IS	514	198	183	1	14
IS	515	202	191	0	11
IS	516	210	196	0	14
IS	517	201	181	0	20
IS	518	178	166	0	12
IS	519	198	177	1	20
IS	520	194	177	0	17
IS	521	211	195	0	16
IS	522	194	184	0	10
IS	523	183	168	0	15
IS	524	172	156	0	16
IS	525	168	155	0	13
IS	526	166	154	0	12
IS	527	174	160	0	14
IS	528	166	148	1	17
IS	529	178	161	0	17
IS	530	199	190	1	8
IS	531	172	159	0	13
IS	532	156	135	0	21
IS	533	154	143	0	11
IS	534	150	135	0	15
IS	535	168	152	1	15
IS	536	156	140	1	15
IS	537	174	165	0	9
IS	538	159	143	0	16
IS	539	152	139	1	12
IS	540	150	135	0	15
IS	541	167	153	0	14
IS	542	150	134	1	15
IS	543	130	119	0	11
IS	544	152	141	1	10
IS	545	136	122	0	14
IS	546	160	146	0	14
IS	547	129	114	0	15
IS	548	124	111	0	13
IS	549	140	124	0	16
IS	550	112	101	0	11
IS	551	126	116	0	10
IS	552	148	136	0	12
IS	553	136	128	0	8
IS	554	124	109	0	15
IS	555	115	102	0	13
IS	556	115	104	1	10
IS	557	142	133	0	9
IS	558	123	111	1	11
IS	559	123	114	0	9
IS	560	107	100	0	7
IS	561	125	105	0	20
IS	562	132	120	1	11
IS	563	132	116	0	16
IS	564	139	116	0	23
IS	565	118	107	0	11
IS	566	131	121	2	8
IS	567	110	99	0	11
IS	568	119	104	1	14
IS	569	109	101	0	8
IS	570	104	89	0	15
IS	571	116	111	0	5
IS	572	100	87	1	12
IS	573	105	97	0	8
IS	574	99	91	0	8
IS	575	101	87	0	14
IS	576	116	107	0	9
IS	577	97	87	0	10
IS	578	91	83	0	8
IS	579	98	83	1	14
IS	580	84	65	0	19
IS	581	94	82	1	11
IS	582	95	87	0	8
IS	583	105	85	0	20
IS	584	69	55	1	13
IS	585	90	79	2	9
IS	586	97	88	1	8
IS	587	88	79	0	9
IS	588	101	88	0	13
IS	589	76	68	0	8
IS	590	91	78	1	12
IS	591	100	81	2	17
IS	592	78	71	1	6
IS	593	96	82	1	13
IS	594	85	73	0	12
IS	595	76	68	0	8
IS	596	87	74	0	13
IS	597	74	60	1	13
IS	598	91	77	0	14
IS	599	100	81	1	18
IS	600	86	68	0	18
IS	601	85	74	0	11
IS	602	93	80	0	13
IS	603	100	84	0	16
IS	604	94	79	0	15
IS	605	64	56	1	7
IS	606	74	68	1	5
IS	607	62	54	0	8
IS	608	68	57	0	11
IS	609	69	58	0	11
IS	610	70	64	1	5
IS	611	62	54	0	8
IS	612	76	67	0	9
IS	613	74	62	0	12
IS	614	69	59	0	10
IS	615	88	65	0	23
IS	616	81	63	0	18
IS	617	60	46	0	14
IS	618	74	62	0	12
IS	619	64	54	1	9
IS	620	69	54	0	15
IS	621	58	48	1	9
IS	622	65	56	0	9
IS	623	61	54	0	7
IS	624	52	46	0	6
IS	625	56	49	0	7
IS	626	55	48	0	7
IS	627	76	70	0	6
IS	628	44	38	0	6
IS	629	55	44	0	11
IS	630	63	53	0	10
IS	631	58	50	0	8
IS	632	52	48	0	4
IS	633	61	55	0	6
IS	634	55	42	0	13
IS	635	53	46	0	7
IS	636	52	37	0	15
IS	637	35	32	0	3
IS	638	55	40	1	14
IS	639	38	32	0	6
IS	640	52	47	0	5
IS	641	53	45	0	8
IS	642	48	37	0	11
# Read lengths. Use `grep ^RL | cut -f 2-` to extract this part. The columns are: read length, count
RL	140	2974214
# Read lengths - first fragments. Use `grep ^FRL | cut -f 2-` to extract this part. The columns are: read length, count
FRL	140	1487107
# Read lengths - last fragments. Use `grep ^LRL | cut -f 2-` to extract this part. The columns are: read length, count
LRL	140	1487107
# Mapping qualities for reads !(UNMAP|SECOND|SUPPL|QCFAIL|DUP). Use `grep ^MAPQ | cut -f 2-` to extract this part. The columns are: mapq, count
MAPQ	0	162239
MAPQ	1	663
MAPQ	2	547
MAPQ	3	1430
MAPQ	4	1338
MAPQ	5	2437
MAPQ	6	4706
MAPQ	7	3925
MAPQ	8	2435
MAPQ	9	1440
MAPQ	10	769
MAPQ	11	619
MAPQ	12	1242
MAPQ	13	571
MAPQ	14	678
MAPQ	15	1320
MAPQ	16	1547
MAPQ	17	2758
MAPQ	18	4227
MAPQ	19	4795
MAPQ	20	6529
MAPQ	21	12336
MAPQ	22	13089
MAPQ	23	13702
MAPQ	24	13087
MAPQ	25	8121
MAPQ	26	7040
MAPQ	27	11437
MAPQ	28	2200
MAPQ	29	2121
MAPQ	30	1424
MAPQ	31	1033
MAPQ	32	1174
MAPQ	33	838
MAPQ	34	272
MAPQ	35	322
MAPQ	36	625
MAPQ	37	385
MAPQ	38	323
MAPQ	39	765
MAPQ	40	3067
MAPQ	41	433
MAPQ	42	839
MAPQ	43	432
MAPQ	44	601
MAPQ	45	1222
MAPQ	46	839
MAPQ	47	575
MAPQ	48	1733
MAPQ	49	829
MAPQ	50	769
MAPQ	51	532
MAPQ	52	842
MAPQ	53	597
MAPQ	54	2334
MAPQ	55	554
MAPQ	56	585
MAPQ	57	677
MAPQ	58	679
MAPQ	59	873
MAPQ	60	2592982
# Indel distribution. Use `grep ^ID | cut -f 2-` to extract this part. The columns are: length, number of insertions, number of deletions
ID	1	12306	5772
ID	2	1819	895
ID	3	1463	343
ID	4	1067	155
ID	5	263	80
ID	6	184	55
ID	7	87	28
ID	8	54	195
ID	9	109	73
ID	10	25	15
ID	11	15	17
ID	12	11	34
ID	13	8	25
ID	14	4	22
ID	15	8	18
ID	16	5	13
ID	17	3	14
ID	18	3	11
ID	19	1	2
ID	20	1	1
ID	21	6	4
ID	22	8	3
ID	23	0	2
ID	24	0	3
ID	25	0	5
ID	26	0	2
ID	27	0	5
ID	28	0	1
ID	29	0	1
ID	30	0	3
ID	31	0	2
ID	32	0	2
ID	33	0	6
ID	34	0	1
ID	35	0	1
ID	37	0	2
ID	38	0	2
ID	41	0	3
ID	44	0	2
ID	45	0	2
ID	46	0	1
ID	48	0	1
ID	49	0	1
ID	52	0	1
# Indels per cycle. Use `grep ^IC | cut -f 2-` to extract this part. The columns are: cycle, number of insertions (fwd), .. (rev) , number of deletions (fwd), .. (rev)
IC	3	0	0	30	50
IC	4	44	40	35	49
IC	5	50	40	38	39
IC	6	26	24	30	22
IC	7	19	17	19	18
IC	8	9	5	28	49
IC	9	23	36	29	86
IC	10	22	35	23	48
IC	11	5	26	28	46
IC	12	24	42	28	42
IC	13	13	47	23	93
IC	14	9	61	28	161
IC	15	17	90	17	26
IC	16	17	10	26	71
IC	17	5	25	18	39
IC	18	11	19	20	34
IC	19	9	11	21	67
IC	20	10	50	21	29
IC	21	13	15	30	20
IC	22	22	7	20	41
IC	23	11	14	27	25
IC	24	14	13	19	18
IC	25	20	12	20	22
IC	26	14	5	27	22
IC	27	15	16	24	42
IC	28	14	15	24	24
IC	29	9	10	22	34
IC	30	15	23	24	25
IC	31	18	22	27	33
IC	32	18	10	36	29
IC	33	14	8	25	25
IC	34	16	9	28	22
IC	35	11	15	23	22
IC	36	25	24	30	31
IC	37	21	15	28	36
IC	38	26	21	14	30
IC	39	16	33	29	31
IC	40	22	20	31	35
IC	41	24	19	29	24
IC	42	17	10	29	23
IC	43	19	19	19	15
IC	44	11	16	29	37
IC	45	14	12	27	27
IC	46	28	20	29	40
IC	47	12	15	24	29
IC	48	17	13	30	34
IC	49	15	20	35	24
IC	50	14	16	23	31
IC	51	15	19	24	26
IC	52	16	21	25	30
IC	53	14	26	28	31
IC	54	16	25	29	45
IC	55	16	33	35	38
IC	56	14	24	29	33
IC	57	13	43	32	28
IC	58	12	31	18	36
IC	59	12	59	17	36
IC	60	19	86	37	54
IC	61	22	124	14	34
IC	62	12	57	24	51
IC	63	12	135	17	46
IC	64	15	170	28	34
IC	65	12	81	21	35
IC	66	26	66	18	33
IC	67	7	52	29	27
IC	68	15	62	26	34
IC	69	10	125	24	29
IC	70	15	113	27	30
IC	71	17	164	23	36
IC	72	12	372	23	34
IC	73	13	517	20	22
IC	74	12	184	24	37
IC	75	17	71	23	27
IC	76	15	25	14	20
IC	77	8	18	15	30
IC	78	7	16	24	36
IC	79	7	27	11	33
IC	80	14	22	24	39
IC	81	16	23	17	32
IC	82	15	21	18	23
IC	83	15	22	23	20
IC	84	9	20	14	30
IC	85	15	23	25	35
IC	86	11	20	16	15
IC	87	12	28	20	28
IC	88	12	25	23	31
IC	89	13	21	15	33
IC	90	11	28	18	17
IC	91	19	32	25	24
IC	92	8	50	17	20
IC	93	9	48	15	39
IC	94	6	47	32	24
IC	95	20	47	21	44
IC	96	10	70	18	35
IC	97	12	88	20	38
IC	98	17	77	21	47
IC	99	17	105	16	42
IC	100	13	86	14	42
IC	101	14	154	17	30
IC	102	21	139	17	33
IC	103	10	148	20	38
IC	104	12	162	22	40
IC	105	19	221	23	48
IC	106	23	226	21	55
IC	107	11	263	22	55
IC	108	3	260	22	52
IC	109	15	302	22	34
IC	110	23	276	16	44
IC	111	14	426	21	33
IC	112	15	460	17	26
IC	113	10	401	25	24
IC	114	12	360	16	20
IC	115	13	285	14	19
IC	116	10	257	12	22
IC	117	15	313	24	28
IC	118	12	317	14	18
IC	119	8	328	20	20
IC	120	7	449	10	14
IC	121	12	386	9	19
IC	122	5	449	18	15
IC	123	9	416	15	21
IC	124	14	357	14	10
IC	125	12	262	10	15
IC	126	7	164	15	9
IC	127	3	210	15	15
IC	128	9	193	9	16
IC	129	8	251	12	14
IC	130	6	237	12	12
IC	131	9	250	12	12
IC	132	15	278	20	12
IC	133	17	194	27	16
IC	134	22	148	34	16
IC	135	63	148	62	33
IC	136	142	159	118	70
IC	137	395	399	171	120
# Coverage distribution. Use `grep ^COV | cut -f 2-` to extract this part.
COV	[1-1]	1	405732
COV	[2-2]	2	354629
COV	[3-3]	3	314256
COV	[4-4]	4	279842
COV	[5-5]	5	207318
COV	[6-6]	6	149699
COV	[7-7]	7	99334
COV	[8-8]	8	60107
COV	[9-9]	9	35202
COV	[10-10]	10	19637
COV	[11-11]	11	11069
COV	[12-12]	12	6184
COV	[13-13]	13	4254
COV	[14-14]	14	3336
COV	[15-15]	15	2648
COV	[16-16]	16	2155
COV	[17-17]	17	2869
COV	[18-18]	18	2762
COV	[19-19]	19	3259
COV	[20-20]	20	3681
COV	[21-21]	21	4675
COV	[22-22]	22	5967
COV	[23-23]	23	6769
COV	[24-24]	24	7884
COV	[25-25]	25	9282
COV	[26-26]	26	10758
COV	[27-27]	27	12226
COV	[28-28]	28	13942
COV	[29-29]	29	16003
COV	[30-30]	30	17223
COV	[31-31]	31	19174
COV	[32-32]	32	20459
COV	[33-33]	33	21650
COV	[34-34]	34	22612
COV	[35-35]	35	23093
COV	[36-36]	36	23713
COV	[37-37]	37	23366
COV	[38-38]	38	24458
COV	[39-39]	39	25060
COV	[40-40]	40	25051
COV	[41-41]	41	25049
COV	[42-42]	42	24684
COV	[43-43]	43	25181
COV	[44-44]	44	25918
COV	[45-45]	45	27154
COV	[46-46]	46	27995
COV	[47-47]	47	28259
COV	[48-48]	48	30497
COV	[49-49]	49	32096
COV	[50-50]	50	33703
COV	[51-51]	51	37008
COV	[52-52]	52	40385
COV	[53-53]	53	43354
COV	[54-54]	54	47065
COV	[55-55]	55	51980
COV	[56-56]	56	56468
COV	[57-57]	57	62272
COV	[58-58]	58	66298
COV	[59-59]	59	71722
COV	[60-60]	60	77185
COV	[61-61]	61	81776
COV	[62-62]	62	85916
COV	[63-63]	63	90331
COV	[64-64]	64	95041
COV	[65-65]	65	99670
COV	[66-66]	66	103346
COV	[67-67]	67	105937
COV	[68-68]	68	108596
COV	[69-69]	69	111313
COV	[70-70]	70	111849
COV	[71-71]	71	112354
COV	[72-72]	72	113926
COV	[73-73]	73	115291
COV	[74-74]	74	113272
COV	[75-75]	75	112661
COV	[76-76]	76	111640
COV	[77-77]	77	109040
COV	[78-78]	78	106985
COV	[79-79]	79	104166
COV	[80-80]	80	100874
COV	[81-81]	81	96484
COV	[82-82]	82	91920
COV	[83-83]	83	88371
COV	[84-84]	84	82960
COV	[85-85]	85	78448
COV	[86-86]	86	74597
COV	[87-87]	87	69099
COV	[88-88]	88	64780
COV	[89-89]	89	59906
COV	[90-90]	90	55110
COV	[91-91]	91	50804
COV	[92-92]	92	46409
COV	[93-93]	93	43105
COV	[94-94]	94	39090
COV	[95-95]	95	35875
COV	[96-96]	96	32158
COV	[97-97]	97	28926
COV	[98-98]	98	26176
COV	[99-99]	99	23805
COV	[100-100]	100	21267
COV	[101-101]	101	19237
COV	[102-102]	102	16947
COV	[103-103]	103	15350
COV	[104-104]	104	13862
COV	[105-105]	105	12625
COV	[106-106]	106	11390
COV	[107-107]	107	10121
COV	[108-108]	108	8927
COV	[109-109]	109	7935
COV	[110-110]	110	6919
COV	[111-111]	111	6098
COV	[112-112]	112	5660
COV	[113-113]	113	4841
COV	[114-114]	114	4349
COV	[115-115]	115	4064
COV	[116-116]	116	3600
COV	[117-117]	117	3278
COV	[118-118]	118	3059
COV	[119-119]	119	2717
COV	[120-120]	120	2515
COV	[121-121]	121	2377
COV	[122-122]	122	2214
COV	[123-123]	123	1928
COV	[124-124]	124	1798
COV	[125-125]	125	1742
COV	[126-126]	126	1611
COV	[127-127]	127	1379
COV	[128-128]	128	1414
COV	[129-129]	129	1358
COV	[130-130]	130	1319
COV	[131-131]	131	1269
COV	[132-132]	132	1201
COV	[133-133]	133	1181
COV	[134-134]	134	1238
COV	[135-135]	135	1275
COV	[136-136]	136	1168
COV	[137-137]	137	1125
COV	[138-138]	138	988
COV	[139-139]	139	975
COV	[140-140]	140	960
COV	[141-141]	141	886
COV	[142-142]	142	869
COV	[143-143]	143	824
COV	[144-144]	144	939
COV	[145-145]	145	921
COV	[146-146]	146	848
COV	[147-147]	147	799
COV	[148-148]	148	764
COV	[149-149]	149	769
COV	[150-150]	150	757
COV	[151-151]	151	742
COV	[152-152]	152	785
COV	[153-153]	153	697
COV	[154-154]	154	712
COV	[155-155]	155	684
COV	[156-156]	156	644
COV	[157-157]	157	642
COV	[158-158]	158	639
COV	[159-159]	159	606
COV	[160-160]	160	577
COV	[161-161]	161	569
COV	[162-162]	162	571
COV	[163-163]	163	562
COV	[164-164]	164	513
COV	[165-165]	165	559
COV	[166-166]	166	504
COV	[167-167]	167	492
COV	[168-168]	168	446
COV	[169-169]	169	438
COV	[170-170]	170	413
COV	[171-171]	171	429
COV	[172-172]	172	442
COV	[173-173]	173	405
COV	[174-174]	174	409
COV	[175-175]	175	359
COV	[176-176]	176	399
COV	[177-177]	177	368
COV	[178-178]	178	337
COV	[179-179]	179	355
COV	[180-180]	180	360
COV	[181-181]	181	321
COV	[182-182]	182	301
COV	[183-183]	183	315
COV	[184-184]	184	271
COV	[185-185]	185	235
COV	[186-186]	186	241
COV	[187-187]	187	219
COV	[188-188]	188	258
COV	[189-189]	189	224
COV	[190-190]	190	218
COV	[191-191]	191	202
COV	[192-192]	192	197
COV	[193-193]	193	202
COV	[194-194]	194	197
COV	[195-195]	195	170
COV	[196-196]	196	171
COV	[197-197]	197	186
COV	[198-198]	198	154
COV	[199-199]	199	150
COV	[200-200]	200	181
COV	[201-201]	201	149
COV	[202-202]	202	158
COV	[203-203]	203	134
COV	[204-204]	204	131
COV	[205-205]	205	123
COV	[206-206]	206	117
COV	[207-207]	207	111
COV	[208-208]	208	131
COV	[209-209]	209	133
COV	[210-210]	210	123
COV	[211-211]	211	100
COV	[212-212]	212	87
COV	[213-213]	213	72
COV	[214-214]	214	84
COV	[215-215]	215	69
COV	[216-216]	216	91
COV	[217-217]	217	84
COV	[218-218]	218	78
COV	[219-219]	219	69
COV	[220-220]	220	74
COV	[221-221]	221	83
COV	[222-222]	222	76
COV	[223-223]	223	65
COV	[224-224]	224	57
COV	[225-225]	225	83
COV	[226-226]	226	72
COV	[227-227]	227	60
COV	[228-228]	228	73
COV	[229-229]	229	93
COV	[230-230]	230	53
COV	[231-231]	231	50
COV	[232-232]	232	68
COV	[233-233]	233	49
COV	[234-234]	234	70
COV	[235-235]	235	71
COV	[236-236]	236	76
COV	[237-237]	237	76
COV	[238-238]	238	42
COV	[239-239]	239	42
COV	[240-240]	240	32
COV	[241-241]	241	67
COV	[242-242]	242	35
COV	[243-243]	243	62
COV	[244-244]	244	40
COV	[245-245]	245	52
COV	[246-246]	246	54
COV	[247-247]	247	41
COV	[248-248]	248	40
COV	[249-249]	249	40
COV	[250-250]	250	43
COV	[251-251]	251	39
COV	[252-252]	252	26
COV	[253-253]	253	52
COV	[254-254]	254	44
COV	[255-255]	255	48
COV	[256-256]	256	31
COV	[257-257]	257	44
COV	[258-258]	258	45
COV	[259-259]	259	43
COV	[260-260]	260	50
COV	[261-261]	261	42
COV	[262-262]	262	29
COV	[263-263]	263	32
COV	[264-264]	264	28
COV	[265-265]	265	22
COV	[266-266]	266	35
COV	[267-267]	267	24
COV	[268-268]	268	15
COV	[269-269]	269	29
COV	[270-270]	270	22
COV	[271-271]	271	29
COV	[272-272]	272	22
COV	[273-273]	273	29
COV	[274-274]	274	33
COV	[275-275]	275	28
COV	[276-276]	276	30
COV	[277-277]	277	40
COV	[278-278]	278	23
COV	[279-279]	279	25
COV	[280-280]	280	34
COV	[281-281]	281	31
COV	[282-282]	282	27
COV	[283-283]	283	21
COV	[284-284]	284	39
COV	[285-285]	285	37
COV	[286-286]	286	35
COV	[287-287]	287	43
COV	[288-288]	288	39
COV	[289-289]	289	48
COV	[290-290]	290	37
COV	[291-291]	291	30
COV	[292-292]	292	34
COV	[293-293]	293	27
COV	[294-294]	294	36
COV	[295-295]	295	46
COV	[296-296]	296	33
COV	[297-297]	297	28
COV	[298-298]	298	28
COV	[299-299]	299	22
COV	[300-300]	300	32
COV	[301-301]	301	30
COV	[302-302]	302	48
COV	[303-303]	303	41
COV	[304-304]	304	39
COV	[305-305]	305	43
COV	[306-306]	306	35
COV	[307-307]	307	28
COV	[308-308]	308	23
COV	[309-309]	309	15
COV	[310-310]	310	15
COV	[311-311]	311	16
COV	[312-312]	312	11
COV	[313-313]	313	17
COV	[314-314]	314	12
COV	[315-315]	315	19
COV	[316-316]	316	28
COV	[317-317]	317	15
COV	[318-318]	318	10
COV	[319-319]	319	24
COV	[320-320]	320	33
COV	[321-321]	321	20
COV	[322-322]	322	19
COV	[323-323]	323	11
COV	[324-324]	324	10
COV	[325-325]	325	20
COV	[326-326]	326	23
COV	[327-327]	327	7
COV	[328-328]	328	9
COV	[329-329]	329	15
COV	[330-330]	330	6
COV	[331-331]	331	10
COV	[332-332]	332	16
COV	[333-333]	333	20
COV	[334-334]	334	14
COV	[335-335]	335	14
COV	[336-336]	336	13
COV	[337-337]	337	22
COV	[338-338]	338	20
COV	[339-339]	339	17
COV	[340-340]	340	22
COV	[341-341]	341	19
COV	[342-342]	342	12
COV	[343-343]	343	10
COV	[344-344]	344	13
COV	[345-345]	345	16
COV	[346-346]	346	12
COV	[347-347]	347	8
COV	[348-348]	348	6
COV	[349-349]	349	4
COV	[350-350]	350	5
COV	[351-351]	351	6
COV	[352-352]	352	13
COV	[353-353]	353	8
COV	[354-354]	354	8
COV	[355-355]	355	11
COV	[356-356]	356	16
COV	[357-357]	357	6
COV	[358-358]	358	9
COV	[359-359]	359	3
COV	[360-360]	360	9
COV	[361-361]	361	7
COV	[362-362]	362	3
COV	[363-363]	363	5
COV	[364-364]	364	8
COV	[365-365]	365	5
COV	[366-366]	366	2
COV	[367-367]	367	3
COV	[368-368]	368	4
COV	[369-369]	369	4
COV	[370-370]	370	3
COV	[371-371]	371	4
COV	[372-372]	372	5
COV	[373-373]	373	4
COV	[374-374]	374	6
COV	[375-375]	375	5
COV	[376-376]	376	3
COV	[377-377]	377	4
COV	[378-378]	378	2
COV	[379-379]	379	2
COV	[382-382]	382	1
COV	[383-383]	383	2
COV	[384-384]	384	4
COV	[385-385]	385	3
COV	[386-386]	386	3
COV	[387-387]	387	3
COV	[388-388]	388	2
COV	[389-389]	389	1
COV	[390-390]	390	5
COV	[391-391]	391	2
COV	[392-392]	392	3
COV	[393-393]	393	1
COV	[394-394]	394	4
COV	[395-395]	395	2
COV	[396-396]	396	1
COV	[399-399]	399	4
COV	[401-401]	401	4
COV	[402-402]	402	4
COV	[405-405]	405	1
COV	[406-406]	406	1
COV	[407-407]	407	1
COV	[408-408]	408	2
COV	[409-409]	409	2
COV	[410-410]	410	2
COV	[411-411]	411	2
COV	[413-413]	413	1
COV	[414-414]	414	1
COV	[417-417]	417	4
COV	[419-419]	419	2
COV	[421-421]	421	2
COV	[422-422]	422	1
COV	[423-423]	423	1
COV	[425-425]	425	3
COV	[426-426]	426	1
COV	[427-427]	427	1
COV	[429-429]	429	1
COV	[430-430]	430	2
COV	[432-432]	432	4
COV	[433-433]	433	2
COV	[435-435]	435	3
COV	[436-436]	436	2
COV	[437-437]	437	3
COV	[438-438]	438	2
COV	[439-439]	439	1
COV	[440-440]	440	3
COV	[442-442]	442	1
COV	[443-443]	443	1
COV	[444-444]	444	2
COV	[447-447]	447	1
COV	[448-448]	448	1
COV	[449-449]	449	1
COV	[450-450]	450	5
COV	[452-452]	452	1
COV	[453-453]	453	1
COV	[454-454]	454	1
COV	[455-455]	455	1
COV	[458-458]	458	3
COV	[460-460]	460	1
COV	[461-461]	461	1
COV	[463-463]	463	1
COV	[464-464]	464	1
COV	[465-465]	465	2
COV	[466-466]	466	1
COV	[467-467]	467	3
COV	[468-468]	468	1
COV	[470-470]	470	1
COV	[472-472]	472	2
COV	[473-473]	473	1
COV	[474-474]	474	1
COV	[475-475]	475	1
COV	[476-476]	476	1
COV	[477-477]	477	1
COV	[478-478]	478	3
COV	[479-479]	479	3
COV	[481-481]	481	3
COV	[482-482]	482	1
COV	[484-484]	484	6
COV	[485-485]	485	1
COV	[486-486]	486	1
COV	[487-487]	487	1
COV	[488-488]	488	4
COV	[489-489]	489	3
COV	[491-491]	491	1
COV	[493-493]	493	2
COV	[494-494]	494	2
COV	[495-495]	495	1
COV	[496-496]	496	1
COV	[497-497]	497	6
COV	[498-498]	498	2
COV	[499-499]	499	3
COV	[500-500]	500	10
COV	[501-501]	501	4
COV	[502-502]	502	3
COV	[503-503]	503	6
COV	[504-504]	504	4
COV	[505-505]	505	1
COV	[506-506]	506	4
COV	[507-507]	507	2
COV	[508-508]	508	2
COV	[509-509]	509	5
COV	[510-510]	510	6
COV	[511-511]	511	3
COV	[512-512]	512	3
COV	[513-513]	513	6
COV	[514-514]	514	7
COV	[515-515]	515	8
COV	[516-516]	516	7
COV	[517-517]	517	4
COV	[518-518]	518	3
COV	[519-519]	519	6
COV	[520-520]	520	5
COV	[521-521]	521	8
COV	[522-522]	522	2
COV	[523-523]	523	4
COV	[524-524]	524	12
COV	[525-525]	525	6
COV	[526-526]	526	6
COV	[527-527]	527	9
COV	[528-528]	528	14
COV	[529-529]	529	12
COV	[530-530]	530	13
COV	[531-531]	531	9
COV	[532-532]	532	11
COV	[533-533]	533	5
COV	[534-534]	534	8
COV	[535-535]	535	4
COV	[536-536]	536	6
COV	[537-537]	537	4
COV	[538-538]	538	4
COV	[539-539]	539	4
COV	[540-540]	540	5
COV	[541-541]	541	16
COV	[542-542]	542	2
COV	[543-543]	543	10
COV	[544-544]	544	4
COV	[545-545]	545	6
COV	[546-546]	546	3
COV	[547-547]	547	3
COV	[548-548]	548	5
COV	[549-549]	549	8
COV	[550-550]	550	4
COV	[551-551]	551	5
COV	[552-552]	552	7
COV	[553-553]	553	6
COV	[554-554]	554	7
COV	[555-555]	555	3
COV	[556-556]	556	2
COV	[557-557]	557	4
COV	[559-559]	559	6
COV	[560-560]	560	6
COV	[561-561]	561	8
COV	[562-562]	562	3
COV	[563-563]	563	3
COV	[564-564]	564	8
COV	[565-565]	565	8
COV	[566-566]	566	6
COV	[567-567]	567	7
COV	[568-568]	568	2
COV	[569-569]	569	7
COV	[570-570]	570	6
COV	[571-571]	571	5
COV	[572-572]	572	3
COV	[573-573]	573	2
COV	[574-574]	574	6
COV	[575-575]	575	2
COV	[576-576]	576	6
COV	[577-577]	577	3
COV	[578-578]	578	2
COV	[579-579]	579	1
COV	[580-580]	580	4
COV	[581-581]	581	4
COV	[582-582]	582	3
COV	[583-583]	583	3
COV	[584-584]	584	5
COV	[585-585]	585	4
COV	[586-586]	586	6
COV	[587-587]	587	8
COV	[588-588]	588	8
COV	[589-589]	589	4
COV	[590-590]	590	10
COV	[591-591]	591	14
COV	[592-592]	592	12
COV	[593-593]	593	5
COV	[594-594]	594	6
COV	[595-595]	595	10
COV	[596-596]	596	6
COV	[597-597]	597	12
COV	[598-598]	598	16
COV	[599-599]	599	5
COV	[600-600]	600	11
COV	[601-601]	601	8
COV	[602-602]	602	10
COV	[603-603]	603	13
COV	[604-604]	604	9
COV	[605-605]	605	10
COV	[606-606]	606	9
COV	[607-607]	607	9
COV	[608-608]	608	4
COV	[609-609]	609	10
COV	[610-610]	610	3
COV	[611-611]	611	6
COV	[612-612]	612	9
COV	[613-613]	613	10
COV	[614-614]	614	7
COV	[615-615]	615	5
COV	[616-616]	616	5
COV	[617-617]	617	9
COV	[618-618]	618	7
COV	[619-619]	619	9
COV	[620-620]	620	13
COV	[621-621]	621	4
COV	[622-622]	622	6
COV	[623-623]	623	4
COV	[624-624]	624	10
COV	[625-625]	625	10
COV	[626-626]	626	8
COV	[627-627]	627	5
COV	[628-628]	628	9
COV	[629-629]	629	4
COV	[630-630]	630	4
COV	[631-631]	631	7
COV	[632-632]	632	4
COV	[633-633]	633	14
COV	[634-634]	634	5
COV	[635-635]	635	8
COV	[636-636]	636	8
COV	[637-637]	637	7
COV	[638-638]	638	5
COV	[639-639]	639	7
COV	[640-640]	640	2
COV	[641-641]	641	9
COV	[642-642]	642	5
COV	[643-643]	643	6
COV	[644-644]	644	4
COV	[645-645]	645	3
COV	[646-646]	646	7
COV	[647-647]	647	9
COV	[648-648]	648	8
COV	[649-649]	649	8
COV	[650-650]	650	5
COV	[651-651]	651	3
COV	[652-652]	652	12
COV	[653-653]	653	3
COV	[654-654]	654	9
COV	[655-655]	655	8
COV	[656-656]	656	8
COV	[657-657]	657	4
COV	[658-658]	658	4
COV	[659-659]	659	5
COV	[660-660]	660	2
COV	[661-661]	661	3
COV	[662-662]	662	2
COV	[664-664]	664	4
COV	[665-665]	665	5
COV	[666-666]	666	5
COV	[667-667]	667	8
COV	[668-668]	668	2
COV	[669-669]	669	8
COV	[670-670]	670	6
COV	[671-671]	671	11
COV	[672-672]	672	9
COV	[673-673]	673	7
COV	[674-674]	674	8
COV	[675-675]	675	10
COV	[676-676]	676	4
COV	[677-677]	677	10
COV	[678-678]	678	5
COV	[679-679]	679	1
COV	[680-680]	680	5
COV	[681-681]	681	3
COV	[682-682]	682	5
COV	[683-683]	683	3
COV	[684-684]	684	7
COV	[685-685]	685	7
COV	[686-686]	686	7
COV	[687-687]	687	2
COV	[688-688]	688	6
COV	[689-689]	689	5
COV	[690-690]	690	4
COV	[691-691]	691	9
COV	[692-692]	692	9
COV	[693-693]	693	3
COV	[694-694]	694	6
COV	[695-695]	695	11
COV	[696-696]	696	6
COV	[697-697]	697	4
COV	[698-698]	698	3
COV	[699-699]	699	4
COV	[700-700]	700	6
COV	[701-701]	701	5
COV	[702-702]	702	6
COV	[703-703]	703	4
COV	[704-704]	704	5
COV	[705-705]	705	11
COV	[706-706]	706	5
COV	[707-707]	707	3
COV	[708-708]	708	7
COV	[709-709]	709	5
COV	[710-710]	710	3
COV	[711-711]	711	5
COV	[712-712]	712	8
COV	[713-713]	713	5
COV	[714-714]	714	6
COV	[715-715]	715	1
COV	[717-717]	717	1
COV	[718-718]	718	6
COV	[719-719]	719	2
COV	[720-720]	720	2
COV	[721-721]	721	2
COV	[722-722]	722	3
COV	[723-723]	723	3
COV	[724-724]	724	4
COV	[725-725]	725	4
COV	[726-726]	726	4
COV	[727-727]	727	5
COV	[729-729]	729	5
COV	[730-730]	730	3
COV	[731-731]	731	4
COV	[732-732]	732	2
COV	[733-733]	733	4
COV	[734-734]	734	6
COV	[735-735]	735	2
COV	[737-737]	737	4
COV	[738-738]	738	1
COV	[739-739]	739	2
COV	[740-740]	740	1
COV	[741-741]	741	1
COV	[743-743]	743	2
COV	[744-744]	744	5
COV	[746-746]	746	4
COV	[747-747]	747	2
COV	[748-748]	748	1
COV	[749-749]	749	1
COV	[750-750]	750	1
COV	[751-751]	751	1
COV	[754-754]	754	2
COV	[755-755]	755	3
COV	[756-756]	756	1
COV	[757-757]	757	2
COV	[760-760]	760	2
COV	[761-761]	761	1
COV	[762-762]	762	1
COV	[763-763]	763	3
COV	[764-764]	764	2
COV	[765-765]	765	1
COV	[766-766]	766	1
COV	[767-767]	767	2
COV	[768-768]	768	3
COV	[769-769]	769	1
COV	[770-770]	770	2
COV	[771-771]	771	1
COV	[772-772]	772	1
COV	[773-773]	773	1
COV	[774-774]	774	1
COV	[775-775]	775	1
COV	[777-777]	777	2
COV	[778-778]	778	3
COV	[779-779]	779	2
COV	[780-780]	780	1
COV	[787-787]	787	1
COV	[789-789]	789	1
COV	[791-791]	791	2
COV	[792-792]	792	2
COV	[793-793]	793	2
COV	[794-794]	794	1
COV	[795-795]	795	1
COV	[799-799]	799	2
COV	[801-801]	801	1
COV	[803-803]	803	3
COV	[806-806]	806	2
COV	[807-807]	807	3
COV	[808-808]	808	1
COV	[812-812]	812	1
COV	[813-813]	813	1
COV	[815-815]	815	2
COV	[817-817]	817	2
COV	[823-823]	823	2
COV	[827-827]	827	1
COV	[828-828]	828	1
COV	[830-830]	830	1
COV	[832-832]	832	1
COV	[833-833]	833	1
COV	[834-834]	834	1
COV	[835-835]	835	1
COV	[838-838]	838	3
COV	[839-839]	839	4
COV	[840-840]	840	1
COV	[841-841]	841	2
COV	[842-842]	842	1
COV	[843-843]	843	1
COV	[844-844]	844	1
COV	[847-847]	847	1
COV	[849-849]	849	1
COV	[852-852]	852	1
COV	[853-853]	853	1
COV	[854-854]	854	2
COV	[858-858]	858	1
COV	[859-859]	859	1
COV	[861-861]	861	1
COV	[862-862]	862	2
COV	[873-873]	873	1
COV	[874-874]	874	1
COV	[877-877]	877	1
COV	[880-880]	880	1
COV	[882-882]	882	1
COV	[887-887]	887	1
COV	[890-890]	890	1
COV	[891-891]	891	1
COV	[893-893]	893	1
COV	[894-894]	894	2
COV	[895-895]	895	2
COV	[896-896]	896	1
COV	[897-897]	897	1
COV	[898-898]	898	2
COV	[899-899]	899	1
COV	[900-900]	900	1
COV	[901-901]	901	1
COV	[902-902]	902	4
COV	[904-904]	904	2
COV	[906-906]	906	1
COV	[907-907]	907	5
COV	[908-908]	908	2
COV	[909-909]	909	4
COV	[910-910]	910	6
COV	[911-911]	911	2
COV	[912-912]	912	3
COV	[913-913]	913	1
COV	[914-914]	914	2
COV	[915-915]	915	3
COV	[916-916]	916	2
COV	[917-917]	917	4
COV	[918-918]	918	2
COV	[919-919]	919	3
COV	[920-920]	920	4
COV	[921-921]	921	2
COV	[922-922]	922	1
COV	[924-924]	924	2
COV	[925-925]	925	2
COV	[926-926]	926	2
COV	[927-927]	927	1
COV	[928-928]	928	1
COV	[931-931]	931	2
COV	[932-932]	932	3
COV	[933-933]	933	5
COV	[934-934]	934	2
COV	[935-935]	935	2
COV	[936-936]	936	2
COV	[937-937]	937	2
COV	[940-940]	940	1
COV	[941-941]	941	1
COV	[942-942]	942	3
COV	[946-946]	946	4
COV	[947-947]	947	2
COV	[949-949]	949	1
COV	[951-951]	951	2
COV	[952-952]	952	1
COV	[953-953]	953	1
COV	[954-954]	954	1
COV	[955-955]	955	2
COV	[958-958]	958	2
COV	[961-961]	961	1
COV	[962-962]	962	1
COV	[969-969]	969	1
COV	[975-975]	975	1
COV	[976-976]	976	1
COV	[983-983]	983	1
COV	[985-985]	985	1
COV	[986-986]	986	1
COV	[987-987]	987	1
COV	[990-990]	990	1
COV	[1000<]	1000	1774
# GC-depth. Use `grep ^GCD | cut -f 2-` to extract this part. The columns are: GC%, unique sequence percentiles, 10th, 25th, 50th, 75th and 90th depth percentile
GCD	0.0	0.042	0.000	0.000	0.000	0.000	0.000
GCD	1.7	0.062	0.021	0.021	0.021	0.021	0.021
GCD	19.0	0.083	36.799	36.799	36.799	36.799	36.799
GCD	20.0	0.125	0.014	0.014	0.014	0.014	0.014
GCD	21.0	0.208	0.014	0.014	0.018	1691.624	2255.491
GCD	22.0	0.250	0.014	0.014	0.014	0.014	0.014
GCD	23.0	0.291	0.014	0.014	0.014	0.014	0.014
GCD	24.0	0.458	0.014	0.014	0.035	0.144	0.602
GCD	25.0	0.499	0.014	0.014	0.014	0.014	0.014
GCD	26.0	0.728	0.014	0.014	0.014	0.014	0.062
GCD	27.0	0.895	0.014	0.014	0.014	0.038	293.279
GCD	28.0	1.290	0.014	0.014	0.014	0.014	0.035
GCD	29.0	1.540	0.014	0.014	0.014	0.014	0.038
GCD	30.0	1.956	0.014	0.014	0.014	0.014	0.041
GCD	31.0	2.518	0.014	0.014	0.014	0.021	0.034
GCD	32.0	3.059	0.014	0.014	0.014	0.018	0.198
GCD	33.0	3.517	0.014	0.014	0.014	0.028	0.078
GCD	34.0	4.142	0.014	0.014	0.014	0.023	0.220
GCD	35.0	4.683	0.014	0.014	0.014	0.035	0.951
GCD	36.0	5.286	0.014	0.014	0.014	0.042	0.140
GCD	37.0	5.744	0.014	0.014	0.014	0.018	0.281
GCD	38.0	6.348	0.014	0.014	0.014	0.077	0.259
GCD	39.0	7.201	0.014	0.014	0.014	0.035	0.151
GCD	40.0	7.950	0.014	0.014	0.014	0.056	0.170
GCD	41.0	8.720	0.014	0.014	0.028	0.091	0.165
GCD	42.0	9.282	0.014	0.014	0.035	0.070	0.147
GCD	43.0	9.927	0.014	0.014	0.014	0.049	0.153
GCD	44.0	10.676	0.014	0.014	0.049	0.103	0.176
GCD	45.0	11.821	0.014	0.014	0.056	0.119	0.342
GCD	46.0	12.903	0.014	0.014	0.045	0.103	0.237
GCD	47.0	13.757	0.014	0.042	0.063	0.119	0.165
GCD	48.0	14.610	0.014	0.035	0.077	0.119	0.318
GCD	49.0	15.754	0.014	0.028	0.063	0.133	0.223
GCD	50.0	17.440	0.014	0.042	0.070	0.140	0.279
GCD	51.0	18.835	0.014	0.049	0.077	0.112	0.242
GCD	52.0	20.728	0.028	0.056	0.091	0.175	0.244
GCD	53.0	22.976	0.034	0.056	0.091	0.154	0.268
GCD	54.0	25.702	0.029	0.063	0.098	0.182	0.358
GCD	55.0	29.116	0.028	0.056	0.091	0.175	0.308
GCD	56.0	32.799	0.028	0.070	0.133	0.231	0.517
GCD	57.0	38.044	0.030	0.063	0.105	0.229	24.983
GCD	58.0	44.579	0.038	0.070	0.154	26.731	91.501
GCD	59.0	52.529	0.035	0.082	0.164	26.506	89.793
GCD	60.0	59.105	0.028	0.063	0.126	0.257	29.736
GCD	61.0	65.349	0.028	0.049	0.098	0.175	0.286
GCD	62.0	72.029	0.028	0.045	0.091	0.154	0.258
GCD	63.0	78.231	0.021	0.035	0.070	0.140	0.259
GCD	64.0	83.496	0.014	0.028	0.063	0.119	0.175
GCD	65.0	88.262	0.014	0.028	0.056	0.112	0.175
GCD	66.0	92.216	0.014	0.028	0.056	0.098	0.174
GCD	67.0	94.527	0.014	0.021	0.035	0.070	0.104
GCD	68.0	96.545	0.014	0.021	0.042	0.084	0.185
GCD	69.0	97.898	0.014	0.014	0.028	0.063	0.132
GCD	70.0	98.668	0.014	0.014	0.028	0.063	0.105
GCD	71.0	99.084	0.014	0.014	0.021	0.038	0.063
GCD	72.0	99.376	0.014	0.014	0.018	0.028	0.052
GCD	73.0	99.646	0.014	0.014	0.014	0.028	0.032
GCD	74.0	99.834	0.014	0.014	0.014	0.045	0.091
GCD	75.0	99.875	0.014	0.014	0.024	0.035	0.035
GCD	76.0	99.938	0.014	0.014	0.014	0.014	0.014
GCD	78.0	100.000	0.014	0.014	0.014	0.014	0.014
